0.054435467217308485
0.05546455854417305
0.061452807440615216
0.07366894390786391
0.09661607034632834
0.13131699099824565
0.1745089363155939
0.22040033626978278
0.2630446037544456
0.2980599399234433
0.32278034802943006
0.3356263520772269
0.33585717687210437
0.32375534528380123
0.30067834705517676
0.26858731021680826
0.22952526573378945
0.18618323435440332
0.14317444468665952
0.10629340053518531
0.07944560168127622
0.0627339407617599
0.053280347882685604
0.05101610227990113
0.06565190667832885
0.07018592650833451
0.07337170360000281
0.07912396577523145
0.09443212295259136
0.12636070818428224
0.1733538814568819
0.22623292270209772
0.27531753749625176
0.31491642853753016
0.34260665822922937
0.356892748029199
0.3566541896877609
0.34204135620272585
0.31513747074385384
0.27892364259416946
0.235328454618929
0.18637418587705037
0.1387223300313736
0.10218486890353842
0.08062059912846922
0.06975502761689176
0.06438738208298268
0.06144843109469923
0.07565874160773933
0.08732131451140666
0.09357773482600798
0.0962896365737248
0.10066543486387636
0.12182161196738998
0.16935861437248081
0.2297315031665589
0.284910968858987
0.32793836106500257
0.35840030582157706
0.37493520749724213
0.3747982274560095
0.3568753114721349
0.3243974941022716
0.28367118079359654
0.23715065677433828
0.18351454160093145
0.13299112158711948
0.10336936335862124
0.09093656355485766
0.08349222666412325
0.07696753124532447
0.06914145231576593
0.08657578339235517
0.10724015113675164
0.12130481014026882
0.12794497538916225
0.1255875601529334
0.12728848083978378
0.16896722892373736
0.24150096335487634
0.3067514149106189
0.3572354393776369
0.3970903538482562
0.42208246375797226
0.4246324587140036
0.400068655786937
0.35134333688217284
0.29364085082858166
0.23844699685674384
0.17921666500728475
0.1308260315431655
0.12013884170616929
0.11193237944253069
0.1010811682823924
0.09006524496626506
0.07631472832837272
0.09923628618185319
0.13029006193362047
0.15612355584707047
0.17408253779170385
0.1772335135694338
0.1639871800614304
0.19145486186174537
0.2934277794875597
0.39239721478390577
0.4835723000246878
0.5661327147938311
0.6199817703649304
0.6304848210773991
0.5898174380393761
0.4964498562612677
0.36909722873700007
0.24669026945544487
0.16116025269226072
0.15157632884402938
0.16144814814773606
0.13647123729868257
0.12053508330703278
0.104533755647797
0.08387520390437211
0.11664864082362897
0.15709047046155708
0.19713606247589505
0.23052706158388436
0.24662774835738444
0.24870600304040377
0.2723480097794609
0.4576449985210516
0.7147225099808548
0.982576361697824
1.1912940207223544
1.3175554386923662
1.3421430748923528
1.2403592970585176
1.0402465064017279
0.746284421649235
0.33477237705043705
0.23351010318863435
0.26465938121920657
0.18003433304789396
0.15753896675584744
0.14515818044407047
0.12275873416312721
0.09413037087642506
0.1443423723160782
0.18985091748615104
0.24431176057038267
0.30184984970870316
0.329700360707264
0.3491223112742868
0.5199741564922562
0.9432277282935618
1.8093264845803352
2.4454261209293704
2.8219473818844496
3.0360676609693935
3.0848246717127754
2.8942412237205337
2.449942669852093
1.9372256286616436
1.5156434372755134
1.2356781272090371
0.5257587683605477
0.21867743115793484
0.20552798315760637
0.18166615452481324
0.14687942023306055
0.11025814526071682
0.18675851997833992
0.2311870389781832
0.29269821263262497
0.3894709234061425
0.5084099689436994
0.5055212483313634
1.5543023897737853
3.312120616014635
4.405736823569696
5.423402665433697
6.214114424539656
6.6887570897177895
6.789980608127523
6.267896821312991
5.510638531133649
3.8906351606072627
2.351046118684794
1.4172956417160583
0.6823421446363986
0.36102391591763
0.27703819685318964
0.22371575314745568
0.17654249533186053
0.13547967722626642
0.23346450139617944
0.27124956562115754
0.3227772063369201
0.4169820344017633
0.6665326377779012
1.450090347115425
2.5491751037636337
5.164421956612295
8.885122771120367
11.858036016831292
13.596163621695803
14.33690443272849
14.339799314019123
12.913326710025757
9.71602045837871
6.480234959228356
3.2466692961401225
1.8903843267636962
1.0797321901308057
0.5639203749527352
0.35241953804899445
0.26608406794595324
0.21406896906137515
0.17158227375955828
0.2718376659767124
0.31268739419986213
0.36440715067924595
0.44375259604142037
0.8343617654789598
1.9812639761430917
3.2216654549491945
4.215951924763512
8.47470146901741
14.25314131775788
17.2906213530539
17.27066549668369
17.043473967460546
15.140831183524343
11.521090966352398
7.207932306747501
4.107238739195024
1.8326138193658894
1.2802414691352175
0.7376996376520731
0.3887343436330694
0.2853124369613658
0.24082555534002892
0.19991555362118943
0.25977921064883797
0.2932155912958927
0.3387817512814605
0.4189532372097153
0.7212636999295056
1.5951671092482755
3.1532020971428656
6.267142273535097
12.641675418776869
22.816614203882878
27.424671595171574
26.328946279900634
26.578461956377488
25.216671930945076
20.029391068891734
12.197361634644476
6.0327949080500956
3.194499440052698
1.4333180588498726
0.7508414348512606
0.4262763943757618
0.313899826139646
0.2602773775474926
0.21113998663801226
0.21643470202503726
0.24548455915630754
0.29956970371990777
0.37819687787160977
0.380693109901751
0.5008975595746433
1.0872380546775393
5.157538326954391
9.366042851261884
5.525231587027099
8.19163541465789
11.89703821426527
14.267455155527129
15.187534421137038
8.159320947193123
5.672561821829872
3.138171980804191
1.2147668026724305
0.7601900337583359
0.7799134942004786
0.5304447880290339
0.36770268926539
0.2753137802087526
0.20665011156299914
0.17375413235517595
0.223258992887558
0.3192623508221726
0.3848002507370978
0.6825526930765126
1.2887111728325706
1.604695796578695
1.6941288520912945
3.8796136886389863
8.774517416432397
20.384310267711214
23.545513185804396
24.876445283032663
23.021164594892518
20.288329958974575
11.799267193865283
5.337134609549351
2.359480426894411
1.5099202152280542
1.0183303042234544
0.6690969942716327
0.42192526650640394
0.28552786372670064
0.19447044684604395
0.15377303322321073
0.22675379331042436
0.3590659396547752
0.6229040214194318
1.502769809940021
2.1433986133717635
1.9364040843785248
2.5326498718294377
3.2973654541825
7.3811725742777705
14.401000805052496
14.134180741676234
15.898626708874154
14.316573563692087
8.739934994772845
3.9113012895154005
3.035519452316852
2.5252357258805564
1.6977635965731999
1.0797993964645316
0.7260759187058196
0.4492035650761987
0.28969386466032265
0.18379221852044406
0.14219490856684472
0.21836394747454688
0.3376730504329101
0.5409662979829089
0.6973234192428216
0.7697463804019044
1.1453652100173115
1.6154776588138982
2.2008447105850064
3.8314464904677537
5.778510150933009
6.1631348797398955
6.5014383780329075
5.904244179284254
4.136854160552194
2.9254098922831027
2.2347580425787705
1.7048893296373129
1.2384301430383546
0.938577188903857
0.6881570202315748
0.44091055441343957
0.2830762673509267
0.1755892039714667
0.12616027195132914
0.20232247894718303
0.3249931350777531
0.4316767994591941
0.4726291013731944
0.5134913390460771
0.5914860432984309
1.03994443345482
1.4744032286965574
2.462802172008138
3.542412170404511
4.11446352427855
4.197372110554273
3.7270664794685153
2.841304864952545
2.0361365517622665
1.5060501123600878
1.1884666115292568
0.9398207361514038
0.7669504825370627
0.5861362231161228
0.3930251809199592
0.25541428826451085
0.16006596593123723
0.11553744790254514
0.18230956727226358
0.2752541916544293
0.3373760583634134
0.36317444942502036
0.48617691637647026
0.8322012668390382
1.2811250003303738
1.814721880654076
2.550537750793546
3.302580477629854
3.777100851459577
3.8583678325832285
3.5351063962107987
2.930051911709984
2.259511536552941
1.6875028764749311
1.2546978320578492
0.9188362837769305
0.6872128723494878
0.5009134677250485
0.3419759464881997
0.2289910994722284
0.15289010251866098
0.11624015823572621
0.17035373952797944
0.24745545235792776
0.34636017932180563
0.49146201716341553
0.6817873236196901
0.9377211018662923
1.2704694813107473
1.6797762986550717
2.156285161725755
2.6019011338287816
2.8875110608166508
2.9431545138734787
2.7590850939681983
2.394036453473575
1.9521602090038188
1.5201582859393292
1.1413231101565848
0.8269771227334525
0.6044889878037482
0.43803850689313456
0.3091298247675778
0.21952850976505686
0.16283057535927745
0.1254925120906954
0.16674361091358195
0.22965301225109155
0.3154465365007727
0.4359480871082397
0.5880537464284197
0.773731413903214
0.9981689762824061
1.2542592757477087
1.5231585288463354
1.7615251178135383
1.9155247465501892
1.9486991037534929
1.8540895938178121
1.6564981150593963
1.4012670905649405
1.1320415752187136
0.8770563760654158
0.6531200767438047
0.48979139337426086
0.367455396319517
0.2732715399107025
0.20777607316652225
0.17000841969688835
0.13319627489723576
0.1604038723592212
0.2052564905940857
0.26494907980465476
0.34758013047401504
0.4525387926139592
0.5767408777930518
0.719215849232922
0.8709949741793386
1.0181505314142731
1.141555904122454
1.219632315601236
1.2364163941612334
1.187987436852343
1.0839179377070018
0.9430661938890256
0.7861495714945089
0.6293106670275553
0.48571711569509946
0.37927600788871424
0.29859227324871174
0.23569299100277322
0.19194498355214532
0.17083619189250662
0.13462263355208887
0.14898317605074293
0.17789185031173668
0.21639644212301642
0.26991503415642976
0.3388928126227131
0.4197809429379011
0.5098195291231332
0.6014758324170917
0.6852620885798609
0.7515987580623277
0.7916266228224853
0.7990762082896098
0.7723597334321186
0.715272061770438
0.6358543137999458
0.5440956698983798
0.44901068597770216
0.35973565726609125
0.29316395077385166
0.24223778090201648
0.2019924846687784
0.17434162012602344
0.1654725075579022
0.13016104232449893
0.1352255714938315
0.1537456844565076
0.1798698034204185
0.216504090458279
0.26437684123488076
0.32077509721142633
0.3827464043800194
0.4444426055662306
0.49905229921038
0.5405415547029355
0.5643318486124395
0.5677334883141326
0.5503742476450304
0.5143367833537347
0.46385548872305044
0.4045761933031486
0.34218100159808207
0.28316566582244157
0.23825461427465924
0.20335290374658205
0.17552032372206927
0.15697223482142736
0.15536861349491837
0.12082663586312416
0.12109917724190641
0.1362966649133426
0.15892465718016616
0.18982344178472793
0.22958042568636666
0.27615952113618436
0.32647726832609136
0.37582726425535795
0.4189446396934007
0.4512042130713468
0.46929204808040376
0.47150715581773867
0.45785737046868646
0.4299887090000155
0.3909639627725724
0.34486870846067397
0.2961325488282232
0.2499099435773481
0.21248111198331646
0.18216979815637205
0.15751417624243647
0.1406213966127962
0.14128249801196183
0.103479692626138
0.11399463368217529
0.13597414151533863
0.16417244784473833
0.19967834979244328
0.24235384445509972
0.2900861083011962
0.33953422236351966
0.3866493121078841
0.4271330004762373
0.4571555328683737
0.4739229674567376
0.47600018439474723
0.46341363829071036
0.43756740850315473
0.4010292361285313
0.3572236747394178
0.3101106927617406
0.2642657595549727
0.22365299997801655
0.1884563073902454
0.15821790501815314
0.1331876109822782
0.11965162779433187