   -421089.4864      -220298.3612            0.0000
   -405871.0991      -209369.1251            0.0000
   -370070.3204      -193988.6890            0.0000
   -338519.7871      -182578.8800            0.0000
   -315053.6293      -172009.8411            0.0000
   -296778.2321      -167819.3849            0.0000
   -273871.7342      -163167.1891            0.0000
   -248646.6115      -158289.6769            0.0000
   -226772.9387      -154925.3093            0.0000
   -198065.8397      -149714.3867            0.0000
   -168771.5370      -138605.9368            0.0000
   -142597.3753      -131321.7615            0.0000
   -118849.4747      -123112.8071            0.0000
    -93593.7110      -118266.4256            0.0000
    -73313.3075      -110406.0575            0.0000
    -56276.8980      -105208.2588            0.0000
    -34488.6987      -100711.3991            0.0000
    -14315.7431       -91694.7420            0.0000
     -9415.7785       -87829.6639            0.0000
       684.0392       -73870.3918            0.0000
     10368.8304       -70691.2852            0.0000
     20053.9671       -67512.4159            0.0000
     28602.8803       -64075.6759            0.0000
     32279.8613       -56305.5429            0.0000
     32805.3185       -46624.1775            0.0000
     34059.8097       -43486.9871            0.0000
     50587.2584       -36789.5170            0.0000
     56158.4304       -38021.2848            0.0000
     83793.7325       -27213.3638            0.0000
     96535.8658       -12615.5422            0.0000
     79739.2273        -5044.7784            0.0000
     94408.7127         3076.1503            0.0000
    118135.2559        20623.5614            0.0000
    119929.9254        23294.1194            0.0000
    142059.5974        27737.2752            0.0000
    160200.1432        44035.9321            0.0000
    158282.8629        46637.1215            0.0000
    163701.7096        52074.9738            0.0000
    169221.1934        53544.5597            0.0000
    174452.8044        65631.2475            0.0000
    181707.6944        71151.2994            0.0000
