  1  5936    26336.75     13969.33        0.00
  2  6389    41731.61     29945.92        0.00
  3  A247    27112.02    -59340.82        0.00
  4  AF01     -686.65    -43620.45        0.00
  5  AF02     5404.61    -45644.50        0.00
  6  AF04    10609.91    -46546.87        0.00
  7  AF05    13600.20    -41230.42        0.00
  8  AF06    10499.16    -35114.60        0.00
  9  AF07    23235.66    -47424.25        0.00
 10  AF09    28994.83    -48526.76        0.00
 11  AF11    13157.20    -31229.95        0.00
 12  AF12    14486.22    -36023.41        0.00
 13  AF13    18916.30    -29789.31        0.00
 14  AF14    26558.25    -35381.60        0.00
 15  AF15    35307.82    -34850.62        0.00
 16  AF16    28884.08    -32827.21        0.00
 17  AF17    42174.63    -36463.63        0.00
 18  AF18    48819.99    -47136.36        0.00
 19  AF19    32981.98    -42907.82        0.00
 20  AF21    48819.99    -42555.09        0.00
 21  AF22    20466.84    -24889.78        0.00
 22  AF23    23235.66    -27638.68        0.00
 23  AF24    28773.33    -27016.40        0.00
 24  AF25    38519.71    -24247.37        0.00
 25  AF26    49373.77    -34511.06        0.00
 26  AF27    34200.28    -24254.65        0.00
 27  AF28    26669.01    -39765.75        0.00
 28  AF30    11938.93    -22761.00        0.00
 29  BANC   135325.24     45733.94        0.00
 30  CHEN   -75107.30     39322.16        0.00
 31  CHIA   -30920.82    -57017.70        0.00
 32  CHNL   -44099.48    -43749.01        0.00
 33  CHYN   -42327.57    -71710.97        0.00
 34  CK01   -88728.24    -79331.38        0.00
 35  CPUL    16812.01    -36221.70        0.00
 36  FCWS   119042.51     26338.14        0.00
 37  FIVE   143522.12     79986.47        0.00
 38  FLNM    -3233.89     47306.28        0.00
 39  G037    -2126.40    -35758.01        0.00
 40  G038     2746.60    -35439.68        0.00
 41  G039     4961.61    -30941.20        0.00
 42  G040    -6777.87    -34236.40        0.00
 43  G041    -1351.15    -31056.74        0.00
 44  G042    -2901.64    -23601.55        0.00
 45  G043     3632.61    -27573.88        0.00
 46  G044     6290.62    -24505.65        0.00
 47  G045     6733.62    -33490.03        0.00
 48  G090    59452.67    -43540.70        0.00
 49  G091    66873.48    -40772.70        0.00
 50  G092    71525.36    -36795.21        0.00
 51  G096    85370.40     -6701.95        0.00
 52  G097    72189.91    -11993.47        0.00
 53  G098    57126.76     -8241.54        0.00
 54  G099    43835.97     -9674.99        0.00
 55  G102    57902.06    -20653.59        0.00
 56  G103    53693.29    -27681.93        0.00
 57  G104    51588.90    -20560.94        0.00
 58  GAIS   -76989.88    -40969.96        0.00
 59  HENC  -196138.00    -25247.44        0.00
 60  HOKN   -65029.88    -87722.73        0.00
 61  HSIN   116605.67      2431.64        0.00
 62  HTZS    22017.38      -815.97        0.00
 63  HUAL    22128.13     63543.07        0.00
 64  I007    -2126.40    -22067.81        0.00
 65  ILAN   109516.71     77648.98        0.00
 66  JFES    17587.27    -15100.08        0.00
 67  KDNM  -202227.85    -21530.62        0.00
 68  KMNM    76177.27   -264376.08        0.00
 69  KULN   -49193.70    -49503.47        0.00
 70  LIUC  -158269.24    -64102.90        0.00
 71  M043    39184.24    -13345.63        0.00
 72  M049    22460.39    -55484.21        0.00
 73  M075    55797.67    -14347.71        0.00
 74  M093    -8992.85    -53048.82        0.00
 75  M305    24675.45    -17438.18        0.00
 76  M312    43835.97    -15989.19        0.00
 77  M314    36304.61    -24454.89        0.00
 78  M315    58012.82    -22688.24        0.00
 79  M324    49263.02    -25145.43        0.00
 80  M326    53028.74    -42237.23        0.00
 81  M345    40291.79    -24244.38        0.00
 82  M360    10056.15     -4899.87        0.00
 83  M365    23124.91    -37021.82        0.00
 84  M395    30656.14    -41283.79        0.00
 85  M398    15150.73    -28368.42        0.00
 86  M400   -10764.83    -23511.99        0.00
 87  M402    36083.10     -8049.86        0.00
 88  M408      199.35    -14403.09        0.00
 89  M426    30102.37     -6626.06        0.00
 90  M428    61114.04    -37432.51        0.00
 91  M479     7508.88    -27974.94        0.00
 92  M482    21131.35    -29580.75        0.00
 93  M486    34864.80    -52481.29        0.00
 94  M487    37744.43     24554.33        0.00
 95  M493     -243.65    -26763.99        0.00
 96  M501    19470.06     -8365.18        0.00
 97  M509     4297.11     -9395.12        0.00
 98  M525    66430.44    -18200.87        0.00
 99  M553    85148.88    -18684.53        0.00
100  M584    48155.45     -1934.41        0.00
101  M714    60781.77    -15868.51        0.00
102  M805    43835.97    -31571.00        0.00
103  M808    37079.90    -30974.52        0.00
104  M904    57902.06    -38967.08        0.00
105  M906    53250.26    -47630.62        0.00
106  M907    32317.45    -36386.71        0.00
107  M909    25893.73    -55980.87        0.00
108  M910    20023.83    -58757.86        0.00
109  M911    13046.44    -57765.54        0.00
110  M912      -22.15     -5822.61        0.00
111  M916    61557.07    -28276.95        0.00
112  M918    19691.57    -49272.08        0.00
113  M959    28108.80     19575.05        0.00
114  M961    22681.89     14482.82        0.00
115  MERK     2414.35    -69553.04        0.00
116  MZUM   263826.36   -105929.34        0.00
117  NCTU   112285.82       709.45        0.00
118  PKGM   -21618.11    -70076.28        0.00
119  S011   -63147.28    -66784.19        0.00
120  S012   -79315.42    -51554.06        0.00
121  S016    44722.01    -19043.27        0.00
122  S01R   -13312.04   -142934.59        0.00
123  S030    55908.43      3764.97        0.00
124  S038    -2458.65     15427.39        0.00
125  S058   -50522.62     47560.37        0.00
126  S092   -65362.11    -47402.30        0.00
127  S101   140088.28     63115.20        0.00
128  S102  -192484.07     58759.14        0.00
129  S103   -23390.07    -52691.51        0.00
130  S104  -105671.06     20472.23        0.00
131  S105   -91275.22     12641.76        0.00
132  S106   -80201.34    -67373.30        0.00
133  S23R  -125160.44    -39554.30        0.00
134  SANI    70750.04    -22464.62        0.00
135  SUAO    90686.96     88919.01        0.00
136  SUNM    11717.43     -8369.65        0.00
137  TECS    64326.03    -34068.10        0.00
138  TMLM  -128371.72      1751.47        0.00
139  TSHO   -96479.90    -65594.93        0.00
140  WNTS    40181.04    -41358.33        0.00
141  YMSM   153934.48     59009.82        0.00
142  YUSN   -31917.53     -3173.56        0.00
