1.94449 9.31497 5.97 4.4
-4.55276 4.10785 10 4.2
-1.3235 -2.16199 10 4.5
5.29377 7.75171 10 4.6
-1.92064 -4.0681 10 4.7
-4.48405 -7.91301 10 4.5
4.14933 -10.0352 10.68 4.6
0.42803 -4.40709 10 4.5
4.07311 -8.83866 10 4.7
-3.21755 -7.37165 10 5.3
-0.37196 -9.39978 8 6
2.40052 -0.12691 10 4.9
8.0924 -2.59309 10 4.5
0.17084 1.01204 10 4.4
-3.31519 -8.30479 10 4.5
-0.84195 -11.071 10 4.8
-3.44611 -13.0424 10 4.8
9.20689 -4.18218 10 5.4
-3.44029 4.81319 10 4.4
-7.8647 -27.0295 10 4.7
-2.05256 0.63215 9 6.2
-165.822 -321.974 210.5 5.5
68.2758 -113.338 55.49 5.3
-45.6667 -191.064 146.3 4.2
202.48 -236.251 10 4.3
39.2452 -298.413 40.81 4.6
203.514 -239.571 10 4.2
200.196 -229.187 10 4.3
197.536 -224.279 10 4.6
205.624 -225.071 10 4.6
202.224 -235.494 8.95 4.6
202.299 -232.048 10 4.8
33.5836 -65.2286 115.61 4
21.2178 -87.785 114.42 4.4
198.603 -226.919 27.45 4.4
185.716 -233.507 32.42 4.3
194.62 -236.77 29.54 4.3
198.253 -242.313 30.7 4
203.2 -241.647 10 4.5
196.354 -235.757 4.71 5.8
41.8148 -58.9547 100.11 4
342.105 104.007 26.09 4.1
177.553 -251.798 10 4.5
63.5621 -213.962 31.72 4.5
65.7899 -212.517 35 4.1
-128.613 -173.294 10 4.4
-27.2173 -201.866 129.3 4.7
-183.682 -160.988 10.94 4.8
-120.693 -169.986 40.28 4.5
-133.907 -166.516 25.38 4.6
66.5148 -274.614 30.72 4.6
-175.718 -174.013 16.87 4.7
-162.67 -175.807 10 4.5
-164.466 -157.663 10 4.2
-208.197 -189.292 10 4.7
-165.35 -157.763 27.5 5.1
-187.148 -174.335 10 4.3
-169.206 -178.087 10 4.8
-184.746 -230.407 10 4.3
-185.893 -183.404 10 4.2
-175.642 -96.9269 10 4.8
-173.568 -201.645 10 4.4
-189.148 -210.848 10 4.3
-179.532 -165.207 10 4.5
-175.626 -162.221 10 5.1
-176.579 -149.873 10 5.7
-167.886 -168.002 6.69 4.7
-191.133 -168.739 10 4.2
-190.83 -207.485 10 4.2
-172.995 -148.47 10 4.6
-170.531 -155.731 10 4.3
-185.218 -184.613 10 4.4
-174.614 -174.568 10 4.4
-182.271 -228.018 10 4.3
-180.864 -196.525 10 4.9
-173.775 -198.73 12 6.7
117.448 -6.83357 42.37 4.5
165.246 -195.524 26.93 4.3
99.1019 -304.38 37.48 4.4
72.3064 -237.534 10 4.3
66.543 -228.107 10 4.4
54.375 -237.276 10 4.5
74.0092 -229.444 15.64 4.6
74.2506 -265.166 31.94 4.1
-33.86 -83.1785 4.42 4.2
49.5482 -292.088 41.39 4.5
29.9319 -283.034 43.9 4.4
69.2322 -234.627 29.29 4.5
355.652 55.772 16.54 4.7
96.3336 -76.2542 36.49 5.2
134.967 62.4468 46.91 4.4
32.2149 -217.183 7.83 5.1
79.9176 -228.758 24.03 4.8
77.3399 -232.664 28.99 4.1
70.9865 -232.382 34.42 4.8
70.8566 -241.026 35.65 4.5
152.932 73.1192 44.11 4.6
74.8275 -192.897 27.78 4.7
101.195 -75.7192 57.92 4.3
100.21 -139.663 46.19 4.7
95.1608 28.7466 53 5.5
-33.7045 -298.35 73.62 4.1
72.1718 -330.026 36.9 5.1
-22.6041 -165.565 152.22 4.7
104.797 -108.508 25.25 4.4
-29.5651 -172.251 160.74 4.5
-44.3686 -219.716 155.47 4.5
-54.1046 -199.278 161.45 4.4
124.37 -94.4189 35 4.5
167.464 94.653 49.71 4.3
-15.4216 -151.531 144.38 4.6
40.9724 -301.098 29.89 4.6
338.636 119.895 10.8 4.7
185.299 85.0261 52.98 4.5
103.238 -116.061 28.98 4.4
-8.99743 -299.941 77.45 4
71.5315 -240.734 41.14 5
33.0849 -147.8 55.8 4.5
32.4057 -29.6124 133.23 4.2
102.215 -77.5128 38.61 4.2
101.323 -244.043 32.99 4.3
-82.079 -90.2867 19.34 4.3
74.4938 -250.275 10 4.5
80.2391 -261.573 7.76 4.4
61.1888 -237.958 18.56 4.4
77.6581 -245.281 10 4.2
79.286 -234.363 10 4.5
63.7945 -239.634 22.6 5.1
43.0784 -302.833 18.64 5
394.932 215.81 14.54 4.3
164.427 -254.033 30.78 4.5
-31.4948 -167.198 154.18 4.1
111.581 99.1722 73.97 4.5
57.6898 -252.703 43.44 4
-200.07 -333.122 44.55 4.2
176.919 103.581 49.96 4.1
-31.0901 -300.181 89.02 4.5
38.9268 -313.809 23.48 4.8
140.18 -279.872 35 4.6
130.009 -92.9389 10 4.5
127.955 -74.3045 20 5.8
129.226 -94.382 21.57 4.4
384.043 188.827 27.59 4.6
-76.6757 -321.051 111.4 4.7
34.7819 -213.133 92.64 4.4
105.57 120.85 81.85 4.5
150.005 -179.775 49.12 4.2
85.3664 59.2149 94.87 4.7
347.378 -61.4745 26.32 4.6
27.9607 -252.266 61.02 4
-42.6831 -180.611 169.03 4.7
55.8732 -174.17 54.98 4.7
73.8473 -195.216 44.54 4.6
83.8439 -247.97 36.79 4.6
70.824 -126.749 43.63 4.2
110.199 92.5718 88.85 4.3
124.885 -75.6901 40.64 4.5
126.639 -23.756 37.4 4.6
-240.602 -181.851 10 4.7
103.976 99.8908 85.66 4.6
-39.7857 -169.847 157.41 4.6
38.7568 -152.517 68.92 4.2
100.235 102.285 79 6.3
73.115 -192.348 50.75 4.6
32.3378 -261.869 48.6 4.3
-29.9977 -165.095 160.36 4.6
80.5687 -38.2166 138.13 4.3
381.436 181.674 411.14 4.1
59.4192 -171.867 52.94 4.7
16.294 -214.532 69.33 4.7
-44.8583 -159.883 158.4 4.4
38.9303 -300.714 37.77 4.7
-23.0412 -201.978 121.28 4.3
26.9977 -225.26 66.05 4.4
-44.7818 -184.791 168.32 4.7
-17.4449 -169.653 164.17 4.4
100.039 -121.979 37.55 4.8
59.3277 -160.732 46.53 4.8
31.2349 -305.741 37.87 4.6
48.7353 -296.451 40.79 4.8
40.9593 -294.102 41.61 4.7
45.2121 -303.437 31.58 5
-119.384 -228.775 249.69 4.5
30.9819 -301.2 31.63 4.7
384.386 79.3077 45.38 3.3
391.637 221.388 59.4 4.4
71.5832 -15.3282 67 4.7
374.561 190.059 14 5.8
29.5798 -244.464 43.8 4.6
133.591 -314.142 22.8 4.4
88.0837 -129.553 33.7 4.7
78.7697 -129.219 36.9 5.2
-33.1332 -182.761 162.7 4.7
30.3409 -287.695 35.4 4.8
70.4345 -279.267 10 5.2
32.6163 -274.793 60.3 4.3
128.59 79.5416 54.9 4.6
248.621 80.1215 27.6 4.6
85.2174 -93.2292 34.5 4.8
30.1933 -295.791 24.7 4.5
-47.4324 -174.278 168.6 5.3
152.489 -10.218 37.6 4.7
63.5698 -217.966 51.9 4.3
135.271 113.17 52.8 4.6
50.2562 -179.309 36 4.4
-66.3585 -84.8975 23.4 4.9
-32.9219 -200.163 137.2 5
39.2327 -299.844 33.8 4.7
103.878 -175.655 56.6 4.4
131.499 -70.0291 41.7 4.8
12.7428 -200.398 77.3 4.7
127.573 -265.588 22 4
25.088 -196.086 74.3 4.5
17.1335 -78.5635 15.6 4.7
55.8368 -186.294 43.9 4.6
77.013 -110.732 40.1 4.9
-35.1764 -301.947 56.1 4.7
2.29008 -2.51326 31.2 4.6
88.1301 -104.032 52.1 4.6
75.5038 -140.055 34.9 4.8
101.74 -19.349 62.4 5.1
73.5417 -91.618 49.3 4.4
73.9789 -278.415 15.1 4.9
178.072 233.936 35 5.1
-1.78557 -303.952 59.4 4.9
46.7942 -24.087 89.4 4.9
397.8 127.09 11.5 4.1
6.49833 14.5267 15.5 4.8
304.28 141.75 42.5 4.8
-37.9877 -183.484 246 4
69.2179 -178.357 48.8 4.9
-34.3169 -251.725 104.5 4.8
400.912 149.909 42.1 4.2
-27.6101 -159.743 162.9 4.9
75.651 -275.606 26 5.1
-105.608 -126.423 24.4 4.6
9.79937 -279.942 51.1 4.8
106.539 -306.509 11 5.9
157.014 -229.355 19.6 4.3
-5.04334 -192.803 10 4
158.587 -224.202 30.8 4.1
359.87 126.494 10 4.5
90.5504 -75.456 40.8 4.7
-39.7009 -175.522 150.2 4.7
66.771 -188.726 48.1 4.9
110.995 -105.227 44.5 4.2
276.512 136.751 41.4 4.6
-29.354 -202.89 142.1 4
47.2413 133.139 10.1 4.4
126.605 -11.5566 57.5 4.1
29.919 -324.513 59 4.2
23.4184 -305.664 37.1 4
95.3945 -321.417 36.8 4.4
279.46 90.9385 36.9 4.2
-36.1677 -224.7 126.5 4.5
-39.1879 -288.026 88 4.1
143.649 -218.2 27.7 4.5
192.146 140.447 15.7 4.3
27.008 -306.823 29.3 4.8
70.4907 66.3163 104 4.8
132.91 117.538 10 4.1
84.5318 -160.149 43.8 4.3
18.6818 -201.297 38.2 5.5
32.8403 -298.295 37.9 4.3
239.99 43.0688 29.7 4.4
-136.55 -74.3379 35 4.3
-27.5476 -157.193 166.8 4.7
111.997 -47.4874 42.6 4.8
-44.4196 -205.506 162.2 4.1
-64.978 -182.878 163 6.2
182.145 120.189 35 4
-45.0324 -327.325 46.2 4.5
-7.87007 -317.229 54.1 4.5
-14.1393 -317.758 64.8 5.2
106.583 -24.7695 45.6 5
-21.9715 -43.3596 35 4.4
333.892 38.1399 19.9 4.5
97.4975 76.7692 70.8 4.3
-33.1361 -206.151 142.3 4
-78.0148 21.0978 22 4
1.70828 54.8188 14.4 4.5
393.697 11.144 10 4.4
117.565 42.2471 63.6 4.2
62.3206 -301.617 33.5 4.3
31.1375 -294.666 26.8 4.9
98.0957 -89.8034 10 4.2
66.6698 -84.6734 26 5.8
-28.0156 -180.258 156.7 4.4
-126.896 -83.6206 33.9 4.3
87.8159 84.1725 81.7 4.7
45.0997 -293.858 25.7 4.5
70.288 94.0551 133.4 4.2
-99.2666 -156.203 10 4.3
56.8234 -296.847 48.8 4.1
-32.6301 -169.34 178.1 3.4
-21.8874 -175.079 156.2 4.2
141.315 -10.3425 36.6 3.6
96.6813 89.8454 84.2 3.8
-59.6962 11.8459 9.9 3.9
242.118 -130.476 35 4.2
94.586 -177.993 35 3.7
-46.9745 -216.729 137.6 3
29.3596 -60.817 111.5 4.4
135.582 118.065 59.3 4.1
-65.12 -126.346 6.3 3.5
54.7374 -4.83576 100 3.8
26.9795 72.9151 4.8 4.1
31.1515 -257.299 35 4.5
35.1632 -53.8287 86.8 3.7
122.801 -66.3914 30.1 4.1
43.0361 -286.578 57.3 4.7
61.1751 -217.905 35 4.5
-117.367 -216.477 243.2 4.4
15.7483 -85.7964 26.9 4.1
110.978 -16.9919 10 4
103.617 -19.2992 10 4.1
97.3759 -175.04 10 4.3
82.5356 -176.726 36 4.4
90.6673 -103.194 31.5 3.9
96.2949 -281.461 48.8 3.5
73.6544 -276.758 38.2 3.2
77.0804 -279.346 35 3.5
71.4609 -108.307 53.8 5.1
165.737 136.162 50.3 4.2
97.2105 -279.442 43.9 4.6
150.59 -151.617 32.9 3.6
-82.7778 -173.937 9.5 4.2
127.771 -180.575 19.8 4.4
81.1551 -109.525 27.3 3.8
-30.4179 -178.736 160.7 3.9
29.3088 -33.3102 164.4 3.8
398.949 173.432 10.1 3.4
23.7187 -36.0771 178.2 4.1
110.783 -199.336 30.4 4
-33.3045 -160.923 163.1 3.7
-36.3847 -247.204 93.9 3.7
116.507 -119.84 48.1 4.2
409.233 24.2922 35 4.3
66.4018 -154.125 34.3 4.9
66.3056 -145.364 24.9 4.4
41.2433 -257.559 35.4 4.4
-25.4005 -183.44 160.1 3.8
101.09 8.71395 68.8 4.2
111.204 -74.0351 23 4.1
134.745 -61.4979 16.5 4.3
157.989 -292.043 26.9 4.2
96.1252 -64.3301 10 4.4
180.001 49.6751 36.2 3.9
-35.2557 -164.827 161.9 3.9
103.804 -195.518 40.5 4.3
-70.69 -23.6295 13.8 4.4
91.6538 -112.49 7.5 4.2
97.9208 -181.684 36.9 4.4
83.475 -192.568 33.8 3.9
57.6635 -305.148 33 4.6
28.9657 -291.71 10.5 4.4
65.5168 -219.478 46.9 4.4
85.224 -239.453 37.5 4.6
37.0872 -303.874 26.9 4.8
39.321 -299.399 35 4.3
35.3588 -256.225 58.9 4.3
68.7949 -311.354 35.2 3.5
45.8808 -299.499 29 5
36.289 -20.1963 148.2 3.9
-1.20579 -264.588 26.3 4.6
109.769 -66.3046 21.3 4.1
378.245 85.9499 37.5 4.4
-14.8628 -249.594 56 4.4
-40.2255 -163.112 157.8 4.3
88.3377 63.9858 10 4.6
64.9883 38.6668 23.9 4.5
113.131 -201.384 10 4.1
90.8963 47.9586 10 4.4
49.9114 62.1835 10 4.2
62.6106 60.8044 18.8 4.8
61.6973 60.0066 10 3.9
-10.5111 -300.638 63.2 4.5
63.8236 -180.359 30 4.1
27.2223 -330.768 33.7 3.5
37.328 -333.475 36.5 4.4
71.9008 54.1433 133.2 3.1
27.5379 -292.733 36 4.4
-48.1263 -308.294 51.8 5.2
71.0118 -238.882 44.5 4
58.9876 -265.53 25.3 4.1
250.218 131.678 49.7 5.1
75.2571 -133.404 63.6 3.9
-35.4662 -139.553 187.1 4.3
-13.1071 -258.66 92.4 4.4
9.86531 -17.9127 6 4.1
9.86531 -17.9127 5.5 4
78.9224 -258.12 43.5 4.1
-26.5393 -161.614 150.8 3.1
-57.3778 -189.789 163 3.5
61.8305 37.9283 121.3 4.4
11.4753 -294.661 53.3 4.4
168.189 53.7113 35.8 4
14.4022 -46.4486 147.8 4.4
49.4986 -198.734 37 3.8
48.6565 -199.637 36.9 4
68.8665 -94.0542 49.7 4
206.629 -303.292 10 3.8
-31.5996 -62.7818 37.7 4.2
2.35596 -153.108 136.4 3.8
15.0208 -22.8138 165.2 4.2
331.427 81.1039 16.7 0
136.576 -82.0927 16.2 4.3
151.749 74.2691 59.1 4.4
105.306 -94.1677 37.7 4.2
98.8048 90.3467 91 4.3
72.0095 76.6735 72.7 5.3
91.2857 -112.943 31.2 4.3
61.964 -237.409 35.4 4.4
59.0512 28.6559 117.5 3.8
60.8786 -292.33 32.5 0
34.4192 -241.494 54 4.4
219.623 -88.4373 35 4.4
38.4512 39.7519 140 6.3
139.168 92.4141 72.7 3.9
89.7302 53.3669 82.4 4.2
33.8102 -298.611 39.1 4.8
17.7195 -299.328 36.4 4.4
32.3137 -306.731 39 5.3
403.211 171.904 5.8 4
-148.996 138.716 20.3 4.3
129.314 -11.0338 54.1 4.1
256.566 145.415 12.6 4.2
24.3605 -304.318 27.2 3.6
39.7388 -243.836 36.3 4.1
-34.1912 -312.132 65.2 0
136.559 59.4642 68.3 3.9
-27.191 -185.126 169.2 4.4
134.653 -16.8714 34.8 5.5
105.053 -277.146 39 3.6
-85.0007 -55.0125 8.5 3.9
47.0157 -243.032 29.8 3.5
138.652 67.1906 44.3 4
130.505 -138.323 47.1 4.3
-81.061 -76.8209 35.4 4.8
136.186 77.6634 49.9 4.3
115.751 -137.728 24.8 4.3
-33.7202 -173.677 164.4 4.4
101.213 -134.222 14 4.1
112.71 -123.382 35 4.2
53.7955 29.6486 125.7 4.7
117.474 -82.1893 30.2 4.5
-162.205 -25.9281 17.9 4.1
-65.4705 -202.17 159.7 3.5
126.525 -291.581 20.8 4.3
-66.4782 -196.304 145 6.1
77.9878 -165.514 35 4.1
-31.6055 -310.44 62.3 4.4
395.689 129.753 48.6 4.3
-38.1344 -187.254 156.2 3.8
-43.6887 -176.787 165.5 0
-65.7671 86.6306 35 4.4
97.9543 -270.217 45.2 4.6
-150.443 -319.62 209.3 4.5
39.9237 -248.601 35 4.5
113.854 83.9943 61.1 4.2
39.1952 -281.992 35.5 4.2
115.178 -228.739 35 3.9
93.5011 5.07461 80.5 4.4
-57.527 105.679 14.5 3.9
26.8358 -302.391 10 4
-140.765 172.771 14.6 4.5
-44.7172 -178.572 173.9 4.6
113.346 -129.469 32.5 3.7
-60.8665 -328.699 92.8 4
40.8602 -262.778 29.7 3.2
-51.0232 -186.178 149.3 0
-16.2078 -32.0779 10 4.5
47.7161 -152.408 34.2 5.7
265.106 151.136 38.3 4.8
127.088 64.3964 54.6 4.5
102.513 -81.3671 38.2 4.4
-46.236 91.281 10 4.6
-43.4078 95.1969 39.3 4.7
-45.579 82.9717 10 4.3
-27.2625 101.399 10 4.4
-52.2992 94.0933 18.7 5.5
141.747 69.508 34.5 0
-47.9638 96.1399 23.9 4.7
116.031 -95.2143 55.5 4
-34.5849 73.2403 10 4.4
61.5954 -169.758 38.9 4.3
-35.418 115.262 94.7 3.7
106.324 -82.4884 10 4
-49.7146 103.106 10 4.9
-67.2 118.886 10 4.3
-63.0156 116.821 10 3.9
-78.4311 91.2807 10 0
-72.6425 107.3 10 4.1
-66.134 104.813 10 4.1
-56.9576 112.893 10 6.6
53.3836 -64.3286 69.5 4
154.198 168.316 20 4
53.2727 -126.673 79.4 4.3
-53.466 6.70091 38.8 4.1
57.5762 -119.261 46.3 0
119.043 -33.1966 40.5 0
46.2648 -233.953 58.3 4.4
-131.168 -107.687 16.3 5.1
-158.805 -98.8647 10 4.4
-157.476 -111.722 10 4.3
-115.742 -107.519 15 4.6
-174.426 -115.04 10 5
79.9627 -99.124 46 4
-18.8762 -22.9123 10 4.3
-17.3858 -240.316 75.1 4.1
324.375 91.3228 10 4
122.216 -103.147 38.8 3.9
31.377 -237.668 45.4 4.9
-29.7923 42.0309 10 0
41.6492 -289.709 40.4 4.4
187.896 160.18 41.7 4.2
187.592 -228.294 30 4.3
-126.466 -330.983 179.6 4.5
137.968 -213.81 39.1 4.2
321.356 -2.78034 29.7 3.8
43.6456 -232.34 57 4.2
11.7974 -160.385 112.2 4.4
396.577 232.616 397.2 4.6
-20.1463 -301.099 65.1 0
87.7196 -94.9439 44.4 0
62.1001 -248.609 44.5 4
113.157 117.947 73.8 3.6
-42.8797 -189.415 167.6 4.3
60.8011 -227.562 43.7 4.7
401.217 164.981 10 4.3
31.6817 -298.205 35 0
244.317 -116.164 32.8 0
73.8071 -128.112 32.6 5.2
85.086 -127.295 32.1 4.8
135.908 86.6493 49.8 4.4
-25.8399 -149.521 163.3 4.2
155.247 -86.304 28.2 4.2
-4.48486 -172.616 153.9 4.1
335.177 145.217 42.8 4.4
27.6857 -295.724 44.8 0
-279.81 -319.55 44.7 4.3
-305.928 -330.437 24.6 4.8
-12.5437 -109.091 181.5 4.8
180.842 -179.653 29.5 4.4
10.0805 -285.592 30 0
35.8639 -289.482 34.4 4.9
64.2159 -314.11 29.3 0
31.6622 -297.096 33 4
38.972 -306.723 31.9 0
31.4377 -306.303 31.9 5.2
-32.3962 -180.645 145.6 4.2
49.7552 -84.9269 33 4.1
317.903 201.555 14.4 4.7
135.393 -203.893 33 4.5
-7.47718 -276.43 33 0
135.57 -269.478 33 4.5
120.122 -267.669 33 4.3
138.331 -264.852 33 4.6
-50.5605 -78.5292 10 4.5
15.8292 -90.4529 33 4.1
-8.84882 -167.359 170.3 0
320.266 97.0164 33 0
298.274 106.733 33 4.2
82.306 99.7916 159.8 4.4
6.18251 -288.867 33 4.4
7.90877 -326.09 33 0
72.7129 -163.969 79.9 3.8
87.0099 -152.213 33 4.5
-53.3556 -172.678 163.1 4.6
-173.358 -91.6537 96 3.5
-190.976 -106.693 33 0
-198.527 -101.348 33 4.3
132.895 -17.8117 49 0
141.517 37.9644 33 0
-133.044 -328.343 161.3 0
-80.0948 -163.72 174 0
-43.1919 -170.13 171.4 4.5
200.362 -257.08 33 0
95.5344 66.6159 76 4.4
-159.142 -271.755 279.6 4.1
86.1914 -110.071 33 4.4
-36.5354 -90.6734 33 4.2
27.7114 -83.696 104.6 4.3
146.71 51.1193 40.3 3.8
47.4114 -62.9006 99.2 4
8.9027 -302.794 57.5 4.2
9.5566 -32.7797 159.5 4.1
-39.8461 -187.718 167 3.9
147.172 -291.686 33 3.9
-46.0588 -151.981 167.8 3.9
-28.6045 -163.858 171 4
40.4404 -302.594 33 4.4
53.4477 -311.663 33 4.2
78.2208 -41.5796 33 5.4
-66.1249 -246.732 125.4 5.4
141.652 63.6196 43.5 4.8
-50.0246 -163.443 158 4
-42.2119 -172.558 178.5 4.5
100.003 100.925 77.6 4.8
65.4877 -182.32 46.4 4.2
7.51431 -312.904 41.8 4.7
160.625 -273.428 33 4.2
167.903 -212.151 33 4.7
162.977 -210.859 33 5.5
85.3147 -93.3378 33 4.5
-25.5199 -196.412 171 4.2
34.3513 -307.361 60.7 4.2
-41.4732 -178.868 161.1 4.3
60.5904 22.588 132.3 4.1
67.87 -155.979 33 4.5
83.9174 -162.382 68.8 3.7
95.3915 -156.337 33 4.4
82.1112 -187.274 45.8 4.5
-30.0106 -173.188 181.7 4.1
100.555 46.2157 62.8 4.4
46.2953 -0.24582 134.2 4.1
158.923 71.3945 52.6 4.5
165.292 108.709 52.9 4.6
30.6043 -308.313 35.6 4.1
46.4629 -309.911 33 3.9
12.5333 -306.728 42.7 4.1
33.2555 -289.085 33 4.2
112.058 -70.6826 38.4 4.6
148.782 -220.05 33 3.8
-33.8641 -193.301 168.5 4.4
-109.325 -257.778 33 3.8
96.6844 44.3365 68.7 4.2
94.4449 -176.11 42.4 4.2
23.7465 -302.222 33 4.7
166.654 -221.405 33 4.4
-118.733 -331.621 163.3 4.6
32.8733 19.782 10 3.8
55.053 -180.654 61.1 4.3
89.7667 -105.102 33 4.7
74.1585 -164.714 44 4.3
-204.734 -329.293 278.3 4.3
114.078 40.0389 61 4.2
50.5387 -295.972 33 4.4
32.8344 -297.963 34.1 4.7
45.31 -305.054 33 4.2
41.2777 -300.915 33 4.3
94.0235 -135.511 41.7 5
42.7323 -306.543 33 4.1
40.1325 -291.067 34.2 4.5
-20.8153 -169.743 158.9 4.6
400.955 160.059 33 4.3
80.5203 -90.6785 33 4
24.9268 -297.878 33 4.2
-59.1878 -270.388 33 3.9
-178.698 -179.095 33 4.5
41.1568 -242.701 71.4 4
45.5157 -57.8369 33 4.3
21.3926 -253.92 33 5.1
24.339 -257.751 48 4.4
13.9462 -256.593 33 4.1
186.458 -285.848 33 3.5
74.0112 -257.673 46.4 4.5
3.80719 -297.439 33 4
121.369 7.3868 33 5.7
53.768 -293.47 41.1 4.1
102.086 -127.431 33 3.6
51.7395 -244.16 33 4
108.781 105.609 64 4.6
165.468 141.263 42.9 5.2
170.053 129.203 49.2 4.1
169.284 140.619 48.4 4.4
170.998 139.234 61.9 3.8
163.737 148.535 50 6.8
85.3938 -168.449 33 4
74.6876 -158.6 33 4.4
93.037 -122.442 33 4
97.475 -125.328 33 4.2
97.71 -115.779 33 4.4
97.6375 -116.669 33 4.1
63.6721 -209.201 33 3.6
34.3357 -35.5426 145.5 4.4
66.9145 -240.189 33 4.6
346.4 164.194 33.6 4.2
401.11 151.259 33 3.5
353.767 139.529 45.1 4.7
-12.3942 -247.676 92.1 4.3
45.6473 3.84536 33 3.6
128.358 90.305 48.9 4.9
-50.112 -246.246 119.8 4.3
85.5929 -209.714 45.1 4.3
126.984 95.8154 69.7 4.5
50.9485 -267.464 44.4 4.2
-39.1887 -186.823 179.1 4.7
78.3197 -209.658 33 5
50.7555 -218.672 67.1 4.1
110.795 -112.002 33 3.8
111.327 -85.6852 52.3 4.3
149.48 86.8565 45.6 3.9
58.6769 -176.031 35.5 4.5
-85.9247 -213.529 48.6 4.7
96.5877 -86.2906 49.3 4.3
58.5429 -187.902 35 5.6
53.3121 -174.811 60.8 4.7
-22.2427 -162.667 196.8 3.8
12.6422 -301.405 33 4
29.2612 -308.78 33 3.9
84.0407 -204.647 10 3.5
75.9015 -182.867 33 4.1
72.2012 -188.164 33 4.6
70.8876 -180.539 33 5.4
77.5123 -195.034 10 4.5
54.9824 -177.217 10 4.9
48.5779 -176.459 10 6
265.628 -162.999 33 4.4
33.7112 1.05113 33 4.5
213.682 -277.731 33 4.6
-3.93982 -11.4865 21.5 5
127.519 -23.6307 45 3.5
129.238 -63.6557 52.5 3.8
133.573 -76.4076 43.5 4.3
117.56 -74.9725 68.8 3.9
40.2569 -261.347 41.1 3.6
144.265 113.232 58.6 4.3
65.3171 36.5661 35.9 4
386.688 137.367 33 4.5
22.1657 -33.4437 151.9 4.8
2.23049 -256.666 33 4.1
135.253 -192.021 10 3.8
269.596 -157.277 33 4.6
7.42315 -275.655 33 4.6
8.48156 -281.847 42.9 5.5
45.2985 -273.783 57.4 4.3
-35.1411 -174.36 200 4.1
5.27924 -24.3122 199.4 4.1
74.423 -172.251 66 4.4
82.4555 -88.5244 42 5.1
-14.9748 -131.301 150.2 4.6
-6.0368 8.55383 10 3.8
-8.24035 -169.9 115.9 3.7
246.929 145.548 37.6 4.5
-20.6425 -211.425 136.1 3.9
-54.8376 -292.623 159.2 3.7
-232.653 -239.385 322.7 4.5
223.552 182.7 33 4.2
67.2963 -244.618 33 4.1
66.7902 -261.598 53.1 4
72.6552 -178.503 55.1 4.2
19.8769 -221.014 68 3.6
-276.695 -289.437 33 4.3
20.149 -25.9383 169.5 4.5
220.257 -172.968 63.2 3.9
-32.0491 -185.63 170.5 4.7
58.1282 -242.146 43 4.5
61.2851 -137.374 47.2 3.7
-45.3807 -102.419 10 4.1
65.6525 -221.36 58.9 4.2
27.9718 16.9131 12.8 4.6
-13.027 -168.195 137.7 4.6
170.274 14.1283 33 4.2
96.157 -239.197 33 5.2
116.74 162.908 44.8 4.1
-41.2416 -276.411 10 4
394.218 102.242 100 4.2
164.029 -24.1732 33 4
53.8123 -242.234 33 3.4
53.1354 -246.794 33 5.1
38.3118 -239.316 33 6.4
-0.45096 -250.719 66.4 4.6
40.2828 -309.804 33 4.3
24.0796 59.214 10 4.1
105.97 96.6492 100 4.2
0.0556 -195.388 139.1 4.4
89.1956 -156.044 63.5 4.1
-134.573 -335.327 204.1 4.7
-68.4401 -290.087 123.7 4.7
55.9646 -164.774 41.6 6
-69.4722 -293.31 33 3.6
42.7146 -73.2016 111.4 4.5
191.872 44.3209 40.5 4.1
168.776 -281.733 33 4.8
203.126 -253.433 33 4.9
6.67027 -40.0375 161.5 3.5
88.1937 -79.5088 33 4.4
170.651 -22.4004 10 4.4
3.71298 -265.734 107.4 4.2
150.171 -32.2767 26.9 4.5
78.2292 -81.7454 33 4.7
144.473 -288.321 33 4.1
126.938 -126.325 10 4.5
118.673 -293.781 29.2 4.6
3.34646 -4.04845 30.3 4.6
52.2504 -141.557 79.4 4.4
-236.097 -323.254 319.9 4.1
337.329 -15.2394 33 3.6
44.8278 -289.649 46.6 4.6
-225.772 -324.87 262.2 3.5
122.549 -210.236 33 3.6
153.845 89.8863 62.7 4.1
89.1472 -103.009 47 4.6
-56.2556 -75.4855 33 3.8
71.5736 94.6412 81 5.5
117.04 -301.7 33 3.5
42.1133 -237.47 47.2 4.4
104.33 -89.4211 51.8 4.1
-46.6716 -105.427 33 4.1
152.296 -312.407 27.3 4.4
96.8098 -110.143 33 4
132.85 40.2533 33 4.4
284.394 -166.221 33 3.7
-18.0719 -99.7447 33 3.6
-12.1667 -320.835 61.1 4.7
397.64 159.638 10 3.9
399.548 163.431 33 4
-268.963 -152.956 49.1 4.4
149.902 -235.558 33 3.8
76.0524 -271.937 33 4.8
-49.9021 -266.639 75.7 3.6
8.53841 -310.449 41.1 4.5
35.6369 7.85615 33 4.4
-30.5118 -178.848 156.5 4.6
267.285 -168.49 29.5 4.2
49.5775 -173.999 33 4.4
44.9683 -286.875 31.9 4.4
19.1891 -300.745 55.2 4.6
34.7647 -287.284 33 4.7
74.5796 -200.646 33 4.2
77.6518 180.588 10 5.9
199.429 -150.599 33 4.7
25.5892 -308.51 33 4.3
-33.0667 -103.492 10 4.1
127.339 -66.5962 33 4.3
-6.45944 -42.5777 33 4.5
126.256 -321.991 33 3.9
-31.2887 -101.917 33 4.6
-40.4089 -106.796 33 6.1
54.5214 -307.317 33 4.4
49.105 -232.124 57 4.7
-31.8543 -178.2 167.8 4.7
68.8309 -217.743 33 4.9
-3.13713 37.658 33 3
-31.8493 -102.478 10 4.7
-23.5132 -103.146 10 4.7
148.705 64.6201 52.8 4.4
-43.6253 -90.5359 33 3.2
-26.4892 -92.763 33 5.1
-29.4052 -101.228 10 4.4
138.283 67.0681 45.5 5.1
-58.5806 -106.994 10 5.5
149.321 62.8629 42.6 4.8
93.0695 -287.748 10 3.9
-32.3558 -77.4273 10 3.6
-40.2956 -100.364 10 4.5
-70.9125 -103.896 10 4.3
-36.1316 -92.775 10 4.2
-5.67529 -75.1682 10 4.6
-26.5413 -95.9791 10 6.1
54.6611 -251.089 53.8 4.7
59.883 -252.869 61 4.3
23.5952 -112.163 10 3.4
80.0272 -247.335 37.1 4.1
106.78 -143.734 33 3.2
79.4567 -126.096 52.2 5.5
216.939 -232.965 33 4.6
46.5956 -261.117 10 4.1
103.503 -119.738 39.7 4.6
104.417 -118.383 31.3 5.3
29.5329 -247.237 33 3.7
63.1325 -179.265 58.3 4
111.032 -113.771 33 3.9
57.4542 -109.059 49.2 6.7
55.0517 -251.414 33.6 4.8
43.465 -268.384 33 4.3
52.6007 -244.032 49 4.3
95.4185 -115.171 32.7 4.9
36.7349 -242.228 33 5.4
112.465 -117.729 33 4.3
-36.5881 -246.209 79.4 3.7
-57.6919 -177.267 163.3 3.3
361.869 130.726 50 4.4
41.338 -237.042 53.5 4.6
84.0289 -114.783 33 5.6
113.981 -103.483 33 4.7
71.7972 -98.0927 22 6.7
85.5073 -89.5606 33 5.7
103.718 -102.31 33 5.5
119.298 -117.767 33 4.6
56.2319 -262.369 36.9 4.7
103.468 -99.9861 33 4.7
67.0038 -258.044 10 4.3
68.1752 -258.907 10 4.7
39.086 -244.846 10 6.6
47.1523 -245.137 37.5 5.1
88.7252 -101.244 33 4.3
67.1642 -288.652 50.5 4.5
54.6212 -249.093 33 4.8
4.11061 -260.296 33 5.7
-39.5884 -312.747 52.1 5.3
339.057 156.003 33 3.9
77.7601 -77.8731 69.4 4.1
257.46 -147.432 33 4.7
-285.48 -265.843 33 3.9
-124.173 -184.584 91.2 4.1
399.149 170.098 10 3.5
158.95 -6.68027 55.5 3.7
129.096 -201.07 33 3.9
119.425 -91.2371 33 4.4
61.9033 -314.378 33 4.1
26.657 -252.943 39.8 4.5
-166.891 -196.951 33 4
64.2288 -310.006 40.3 3.9
1.89561 -253.567 71 4.3
76.4247 86.2147 131.8 3.9
54.6645 11.3609 117.5 4
146.15 -57.8268 33 3.9
87.2772 -107.937 38.4 5.2
-10.3363 -285.338 152.1 4.7
-156.712 -332.146 196.9 5.6
402.237 169.614 33 3.7
38.3315 -255.949 43.2 4.6
177.114 -255.276 19.4 4.7
191.839 -90.435 33 4.3
71.6027 -316.286 43.3 4.2
66.3932 -311.958 33 4.1
63.0549 -309.254 33.4 4.5
-111.992 140.279 33 4
159.74 141.067 33 3.5
78.2701 -173.717 33 4
109.997 -117.683 42.3 4.5
-38.406 -172.181 200 3.7
146.176 105.741 66.6 3.9
-171.757 -297.238 33 3.9
285.211 73.4024 33 4
-59.7251 -173.961 33 3.8
369.765 207.617 48.7 3.9
11.5935 -235.676 33 3.7
263.252 -153.868 29.9 5.1
399.095 218.494 17.7 4.9
48.9024 -296.115 33 4.8
155.074 125.692 60.9 4
10.6318 -308.532 10 4.3
75.6898 1.41331 33 4.6
-151.065 -85.4478 33 4.3
88.1155 -68.6364 64.9 4.2
117.78 -281.488 33 4.2
60.1127 -167.238 63.8 4.4
144.351 96.0206 73.6 4.4
-31.8665 -184.962 207 4.4
38.2686 -305.184 33 4.6
35.8334 -293.141 32.8 5.3
15.7413 -266.543 22.2 5.1
87.7977 -125.566 29.6 4.7
-14.4801 -166.441 212.5 4.1
23.0123 -148.66 33 4.3
367.546 198.017 10 4.7
35.3863 -289.712 28.8 4.9
4.17498 -220.825 33 4.3
41.2077 -8.11672 33 4.2
395.785 215.282 33 4.2
392.566 185.762 10 4.4
362.597 229.831 10 4.1
374.538 212.797 13.2 4
359.426 206.137 10 4.4
103.925 -219.592 33 4.8
350.562 211.325 10 4
-37.9288 -180.379 153.6 4.8
395.232 221.382 10 4.7
376.251 194.393 10 4.5
371.11 206.691 10 4.6
369.592 202.592 10 4.6
401.905 195.021 10 4.7
373.511 209.839 10 5
390.646 214.862 21.9 6.9
19.9348 -270.132 116.6 4.5
132.275 74.6565 33 4.5
-139.283 -162.683 19.7 5.1
-30.896 -201.801 162.7 4.7
17.961 -82.6524 32.2 5.1
24.8022 -89.9605 30.2 4.7
358.11 98.9912 38 4.9
93.1072 -244.151 33 4
30.3864 -273.834 48.8 5.2
135.103 -90.0173 33 4.2
9.74833 -157.314 212.6 3.8
106.278 -69.9488 39.3 4.4
358.538 150.709 10 4.4
120.113 -140.83 33 4.3
94.6699 -127.062 34.9 4.8
162.227 -9.23937 33 4.1
56.2288 -150.016 26.1 5.9
144.562 -121.6 21 3.8
70.4933 -214.934 40.2 5.2
92.42 -231.298 33.5 3.9
72.8218 -211.999 41.1 4.9
65.7245 -202.281 46.7 4.8
87.3842 -212.668 33.2 4.5
-12.7675 -80.7079 31.1 5.4
91.4218 -250.07 44.7 5
83.6787 -193.118 47.4 4.4
180.199 -228.198 33 4.2
79.5578 -192.547 39.3 4.6
137.376 -230.363 37.9 5.6
-26.105 -187.994 168.1 4.5
153.927 76.0059 47.4 4.9
155.477 68.5043 41.3 5
78.1896 -216.65 45 4.5
69.6418 -215.396 33.2 5.6
81.4608 -221.568 33 4.2
100.182 -131.03 90.8 4.2
82.6475 -61.1132 69.7 4.5
40.3174 -285.409 49.8 4.7
-37.2707 -179.595 178.2 5.1
134.619 104.266 72.8 4.1
79.5815 -172.689 52.2 4.2
134.3 -75.3874 39.4 3.5
160.04 -292.871 33 4.2
399.32 88.3797 37.2 4.6
19.6681 -46.1333 59.3 3.7
-221.155 -257.297 33 4
-6.33571 -268.765 82.1 4.7
50.4253 -94.4527 10 3.9
113.997 -118.243 33 4
101.371 -276.237 93.1 4.1
43.6968 -291.001 34.2 4.9
131.84 -108.316 33 3.9
118.037 -113.251 51.4 4
119.663 -113.761 43.4 4.1
-133.986 -187.496 10 4.5
69.3472 -179.907 33.8 5.1
71.45 -180.082 36.4 5.4
94.2069 -70.593 52.2 3.9
-138.409 -258.765 271.7 4.2
-58.8096 -141.14 94.8 4.6
-44.4675 -183.89 160.7 5.8
47.2191 -94.9623 74.1 4.5
-5.39553 -149.9 130 4.6
62.9748 -180.821 59 4.8
105.542 -99.5994 57.6 4.3
77.3712 -197.256 47.6 4.1
-38.6367 -168.747 170 4.6
-74.4604 -131.972 14.5 4.8
-118.057 -331.397 148.9 5.4
214.771 -212.268 33 4
179.682 -278.956 33 4.1
43.9904 116.756 17 5.2
16.7314 -109.734 135.6 4.6
91.4698 -112.717 57.8 4.3
137.63 -256.881 33 4
-21.4178 -196.137 179.4 4.6
88.1753 -327.127 33 4.2
57.8256 -303.592 44.3 4.5
49.1154 -302.21 30.8 5.2
-35.7217 -34.6707 33 4.5
80.8378 -323.297 31.6 5.2
155.444 128.481 55.9 4.1
399.792 64.1036 424.4 4.1
132.327 -118.736 33 4.1
47.7236 -315.321 34.5 4.6
-160.778 -246.157 33 5.6
144.334 79.0288 64 4.3
145.723 82.1825 62.5 5
-43.3757 -213.475 199.3 4.7
125.023 64.8902 70.1 4.4
133.459 72.4718 33 4.4
82.2122 -195.814 47.2 4.7
103.702 40.3068 33 4.5
-30.2724 -317.074 78.9 5
-34.8619 -287.423 100 4.6
37.8336 -74.6296 117 4.4
30.4393 -332.265 33 4.3
67.3495 -220.104 33 4.8
