550.2866499442164
550.8078740828175
551.3208727183294
547.5310473371015
550.3405566454373
547.2818252623765
543.6041167284346
546.408266877226
543.9199649756434
541.0824258436871
538.100866542655
535.8237995808802
529.5311307233223
530.8974794597204
536.7714869484005
542.6414471364344
526.2036148074567
523.266295007543
544.9832821704931
545.4918680470682
546.0257002037201
546.5636768520485
546.0203258665019
545.5672422521525
544.0928446361154
541.8539082468676
539.9035205141852
537.9965955616924
536.0841405164551
534.2438812054886
528.4434745436808
532.9413208439018
548.9455495712232
534.5315154672893
520.4822046311631
517.2965037569704
540.0172146481657
540.4890603964827
540.9750619802469
540.6901830306147
539.9103780263601
539.4177359490457
538.0964867008199
536.1367874627977
534.2617925120874
532.0182619863745
530.4343272313331
528.2983966505478
528.6963283118682
542.125395454381
557.7121782943645
550.823887668929
543.3059538524299
536.8255614232437
534.9564930012327
535.0184898192812
535.2083951862851
534.5119848722243
533.7437379172381
533.0011974222316
532.2162265087809
530.6237967589735
528.7185117120489
526.8007754022608
524.7962290009907
523.9716760348699
537.1324225095052
553.1880119446354
568.8853120436013
572.9499397371033
566.9582867704776
560.4771580678585
529.7075390799089
529.683978009562
528.9863324487694
528.5431234810126
527.5510064226453
526.8090355161585
526.1246385127072
524.9185855831159
523.126656430223
520.9569569435043
521.2053947139293
532.2269914817173
548.1720466355032
563.6666617149051
579.0435518094384
593.4899896138887
589.037628708579
583.7289862926423
528.2456924467829
530.7884351042572
522.5581133196238
522.1593012735295
521.1632123052741
520.3168506550228
519.3551954126617
518.4603910028038
517.6078768313041
515.1829688847455
524.6872893999403
543.2635498714536
558.6841932688776
574.0791800679602
588.9588544626002
603.7645976906945
612.6760140762351
606.5716835618882
528.3877479714527
526.5612490709286
521.0221839569383
519.3784680659089
517.5820116139347
515.9669901903105
518.4239771303214
521.3969159287242
513.0470333238933
518.9212779137604
535.2963658412938
553.9472828449782
569.9673005364759
584.6136124213087
599.2658895052289
614.1819469874918
633.6011188687665
629.0105678588629
529.9127548415091
529.1305241400855
527.173283553906
525.0971240029421
523.235935652573
521.2578413142026
518.1440814671207
516.045833132482
519.0640567431735
527.5257407240905
544.9790390543938
561.9144803798772
577.689498881789
592.6064436891677
608.2532623356938
621.291883485811
638.9558359738141
646.9735060564558
532.8869478095166
534.5102803687594
532.9959657056768
530.9958603200239
529.3922028459933
527.3121862031267
524.9898056323518
526.8881215399302
531.8403275214066
536.9691302807978
551.4682179061618
567.4013697786497
582.8373483322941
597.2835617935741
613.5488066189181
630.1125051622005
644.9994173674638
647.9949271362163
535.7154753858822
538.9663371356434
538.9260273299504
536.7642059448464
534.7931032949232
532.7396650106054
533.3539251256991
539.1506245441731
544.0566084048521
548.7363084618689
558.388981886783
573.0447437783914
588.4050574140015
603.7008115318926
618.8790340199197
632.7317392765381
639.0225752738522
641.0956573966571
538.5006578408738
541.6951799811716
544.2488052151211
542.5123023450825
540.4282604962818
541.5741679772743
545.900165053178
551.1798470285795
556.0375064308109
560.8332905107477
565.5311630043027
577.7459031562663
593.702640276678
609.2677484071033
624.4822573374067
630.3943046116349
632.633516706437
635.0914492088539
541.3598850020678
544.3210429167038
546.3755192889191
548.2892969133438
546.3342043477458
551.3177534525062
558.719104323553
563.0354532842837
567.8791266860678
572.7265859196448
577.5319118321968
583.730041600788
598.8505782035929
613.9381965190364
620.5631519608073
623.7402793624884
626.4626578013073
628.8705646011394
542.4694053570836
545.4197151375995
547.7194018270641
551.130471247775
543.3767209831185
542.7373516669159
567.9980607091509
574.1324012680126
579.981158387888
584.3143924656055
587.1680206221702
586.8462558232891
603.9110567441387
616.6754452284647
615.910032759809
617.2256359417481
620.5555846872767
622.6346494863237
542.0261633881535
545.937055517093
547.8459868129926
546.3537774153577
546.826389906671
554.1743160347066
562.308425849807
568.6416509242803
575.0524191505502
583.4356902975528
587.1333913573083
589.1046339189352
604.0622504169598
608.9220282325286
611.9199581057861
611.589857405839
614.0180772656956
616.3997557261598
541.7245638076372
544.1764924807776
543.0868076825809
541.0626408099799
539.4685260534995
543.9978390515473
551.3109150309471
558.466886699397
565.4174144679788
572.5639128175881
579.7085325703663
587.5191975509548
597.6023767425022
604.6771573780525
606.1590246829495
608.428755588281
610.698765049667
612.8629734095368
540.2356138530826
539.5659677351025
538.0593838270047
536.0736534027028
534.1758563866163
534.5777687285948
541.0450650389685
548.2554615269404
555.217608785191
562.0999864182954
570.3919187647907
580.2310056504705
590.0395924640331
598.9190854519038
603.733500406466
605.7420736956408
607.9245554210627
610.1397690591797
622.5877554218498
623.069491943716
623.5435578206835
620.0397534635214
622.6375814276789
619.8092108446283
616.4052931929377
619.0010004188578
616.6977642983497
614.0693228392979
611.3052453961969
609.1927357903655
603.3479037302335
604.617875065995
610.0720980835544
615.5137162949381
600.2530979824676
597.5188436377375
617.6821927995633
618.1529433438865
618.646990465096
619.1447990515987
618.6420170275887
618.2227045611389
616.8578376113337
614.7841596624324
612.9766825005703
611.2085388698284
609.4343299808334
607.7262118695976
602.3366249578883
606.5166577471325
621.3479345144315
607.9932496261858
594.9251871226535
591.9549583235963
613.0820727560708
613.519420824326
613.9698299748718
613.7058215571501
612.9830392547119
612.5263407858452
611.3011833510323
609.4831837883273
607.7428412284762
605.6592442918791
604.1874455640884
602.2017118147295
602.5717498682558
615.0356767264379
629.4441271366946
623.0842912430242
616.129174966701
610.1222670192708
608.3877571273173
608.4453050256363
608.6215765607517
607.9751182218301
607.2618315964505
606.5722685220037
605.8431485266515
604.3635352975259
602.59237709632
600.8087049168241
598.9432844705194
598.1756611412707
610.4069507917907
625.2684229177587
639.7340530275915
643.4693797137986
637.9616552642415
631.9935431890931
603.5118957660663
603.4899934788724
602.8414001783269
602.4292889594917
601.5066013583647
600.8163896069893
600.1796104473592
599.0571783529821
597.388803688128
595.3676062724468
595.5991011262304
605.8531486370682
620.6326357848927
634.9319358513958
649.0612987334921
662.2798702969294
658.2117121646086
653.3544328373703
602.1526989475145
604.5165398836276
596.8592901887771
596.4878066148531
595.559796579149
594.7710810962702
593.8747023717254
593.0404242808656
592.2453853954823
589.9829455165464
598.841876368437
616.0899042648695
630.3405865313974
644.506374412962
658.1396891238487
671.6481814116905
679.751268352282
674.2028790179255
602.2848034548551
600.5858570910261
595.428386473721
593.8963980853734
592.2212610698598
590.7146020406253
593.0064691785435
595.7775502317593
587.9888723252593
593.4701614698495
608.7032284229997
625.9695813038695
640.72880021251
654.164352274578
667.5496750540799
681.1185555015595
698.6967616834436
694.5503070305149
603.702657592194
602.9754638111708
601.1552456830703
599.2233614223005
597.4905715815237
595.6479689637156
592.74546156316
590.7881703701705
593.6032793616604
601.4831004890526
617.6782650626931
633.3180295579865
647.8195574627256
661.4729770464426
675.7322811156823
687.5659046071999
703.5264809196469
710.7440151311574
606.4661576291685
607.9735358259979
606.5674095667239
604.7092980210938
603.2187485352897
601.2844563900231
599.1234707570325
600.8899653820386
605.493938919422
610.2554629475414
623.67970808426
638.3692695806394
652.5378882585081
665.7420210061246
680.543778207378
695.5461446885176
708.9684977991637
711.6622914110758
609.0922067279012
612.1078217165041
612.0704455191551
610.0653428945229
608.2360876162877
606.329361773085
606.8998480870007
612.2786920100681
616.8242862754264
621.1544534790571
630.0683479555454
643.5564520732657
657.6333087581284
671.5901064726711
685.3793936859045
697.9119107101617
703.5866294235835
705.4544042917692
611.6760075195302
614.6370984083849
617.0022385596099
615.3940906658277
613.4630693481868
614.5249768068809
618.5308176933056
623.413241679327
627.8990575162007
632.3217674005216
636.6484275606783
647.8712927784552
662.4740419899144
676.6546032335475
690.4546666264139
695.8007601308102
697.8232257428341
700.04172858009
614.3264273528966
617.0691199613179
618.9706987501092
620.7410731660882
618.9324692311393
623.5406754885631
630.3727793857399
634.3506311730946
638.8087253039675
643.2642321759812
647.6750105778491
653.355399145696
667.1710437931333
680.8972864189836
686.9056925283032
689.7830714078874
692.2465044298929
694.4237611768096
615.3543546331915
618.0861621692225
620.2139799846595
623.367614305076
616.1947120030771
615.6025490036029
638.9181153605417
644.5552399229736
649.920857286882
653.8904241753614
656.5019006708621
656.2075457598933
671.781522951991
683.3811842052913
682.6868129675174
683.8802147913246
686.8988360441047
688.7820525126265
614.9437462006415
618.5649572965729
620.3310650392235
618.9505806261805
619.3878695658698
626.1792091489081
633.6809555213363
639.5099966731441
645.3998464774276
653.0858608739691
656.4702226288696
658.2729735450903
671.9191691942146
676.3403211770285
679.0645964513224
678.7647426506098
680.9698013817247
683.1311002700368
614.6643229222608
616.9352863450473
615.9262167828862
614.0509884973994
612.5734280804148
616.7698706739375
623.5343564921758
630.1401925423379
636.5437344376784
643.1148109500155
649.6709488189089
656.823131525611
666.0328124604812
672.4789171604483
673.8274515617677
675.891850375255
677.955158457886
679.9210472131467
613.2845114238107
612.663764003393
611.2667724247613
609.4245983640039
607.6630549720738
608.0361888688535
614.0347013447749
620.7097813160008
627.1423478140808
633.4889337286206
641.1190985267973
650.149868370496
659.1276637602017
667.2335036157799
671.619868616717
673.4480741501527
675.4333789553348
677.447188023134
295.2615104983009
295.2615104983009
295.2615104983009
295.2615104983009
295.2615104983009
295.2615104983009
295.2615104983009
295.2615104983009
295.2615104983009
295.2615104983009
295.2615104983009
295.2615104983009
295.2615104983009
295.2615104983009
295.2615104983009
295.2615104983009
295.2615104983009
295.2615104983009
295.2615104983009
295.2615104983009
295.2615104983009
295.2615104983009
295.2615104983009
295.2615104983009
295.2615104983009
295.2615104983009
295.2615104983009
295.2615104983009
295.2615104983009
295.2615104983009
295.2615104983009
295.2615104983009
295.2615104983009
295.2615104983009
295.2615104983009
295.2615104983009
295.2615104983009
295.2615104983009
295.2615104983009
295.2615104983009
295.2615104983009
295.2615104983009
295.2615104983009
295.2615104983009
295.2615104983009
295.2615104983009
295.2615104983009
295.2615104983009
295.2615104983009
295.2615104983009
295.2615104983009
295.2615104983009
295.2615104983009
295.2615104983009
295.2615104983009
295.2615104983009
295.2615104983009
295.2615104983009
295.2615104983009
295.2615104983009
295.2615104983009
295.2615104983009
295.2615104983009
295.2615104983009
295.2615104983009
295.2615104983009
295.2615104983009
295.2615104983009
295.2615104983009
295.2615104983009
295.2615104983009
295.2615104983009
295.2615104983009
295.2615104983009
295.2615104983009
295.2615104983009
295.2615104983009
295.2615104983009
295.2615104983009
295.2615104983009
295.2615104983009
295.2615104983009
295.2615104983009
295.2615104983009
295.2615104983009
295.2615104983009
295.2615104983009
295.2615104983009
295.2615104983009
295.2615104983009
295.2615104983009
295.2615104983009
295.2615104983009
295.2615104983009
295.2615104983009
295.2615104983009
295.2615104983009
295.2615104983009
295.2615104983009
295.2615104983009
295.2615104983009
295.2615104983009
295.2615104983009
295.2615104983009
295.2615104983009
295.2615104983009
295.2615104983009
295.2615104983009
295.2615104983009
295.2615104983009
295.2615104983009
295.2615104983009
295.2615104983009
295.2615104983009
295.2615104983009
295.2615104983009
295.2615104983009
295.2615104983009
295.2615104983009
295.2615104983009
295.2615104983009
295.2615104983009
295.2615104983009
295.2615104983009
295.2615104983009
295.2615104983009
295.2615104983009
295.2615104983009
295.2615104983009
295.2615104983009
295.2615104983009
295.2615104983009
295.2615104983009
295.2615104983009
295.2615104983009
295.2615104983009
295.2615104983009
295.2615104983009
295.2615104983009
295.2615104983009
295.2615104983009
295.2615104983009
295.2615104983009
295.2615104983009
295.2615104983009
295.2615104983009
295.2615104983009
295.2615104983009
295.2615104983009
295.2615104983009
295.2615104983009
295.2615104983009
295.2615104983009
339.8194379873029
339.8194379873029
339.8194379873029
339.8194379873029
339.8194379873029
339.8194379873029
339.8194379873029
339.8194379873029
339.8194379873029
339.8194379873029
339.8194379873029
339.8194379873029
339.8194379873029
339.8194379873029
339.8194379873029
339.8194379873029
339.8194379873029
339.8194379873029
339.8194379873029
339.8194379873029
339.8194379873029
339.8194379873029
339.8194379873029
339.8194379873029
339.8194379873029
339.8194379873029
339.8194379873029
339.8194379873029
339.8194379873029
339.8194379873029
339.8194379873029
339.8194379873029
339.8194379873029
339.8194379873029
339.8194379873029
339.8194379873029
339.8194379873029
339.8194379873029
339.8194379873029
339.8194379873029
339.8194379873029
339.8194379873029
339.8194379873029
339.8194379873029
339.8194379873029
339.8194379873029
339.8194379873029
339.8194379873029
339.8194379873029
339.8194379873029
339.8194379873029
339.8194379873029
339.8194379873029
339.8194379873029
339.8194379873029
339.8194379873029
339.8194379873029
339.8194379873029
339.8194379873029
339.8194379873029
339.8194379873029
339.8194379873029
339.8194379873029
339.8194379873029
339.8194379873029
339.8194379873029
339.8194379873029
339.8194379873029
339.8194379873029
339.8194379873029
339.8194379873029
339.8194379873029
339.8194379873029
339.8194379873029
339.8194379873029
339.8194379873029
339.8194379873029
339.8194379873029
339.8194379873029
339.8194379873029
339.8194379873029
339.8194379873029
339.8194379873029
339.8194379873029
339.8194379873029
339.8194379873029
339.8194379873029
339.8194379873029
339.8194379873029
339.8194379873029
339.8194379873029
339.8194379873029
339.8194379873029
339.8194379873029
339.8194379873029
339.8194379873029
339.8194379873029
339.8194379873029
339.8194379873029
339.8194379873029
339.8194379873029
339.8194379873029
339.8194379873029
339.8194379873029
339.8194379873029
339.8194379873029
339.8194379873029
339.8194379873029
339.8194379873029
339.8194379873029
339.8194379873029
339.8194379873029
339.8194379873029
339.8194379873029
339.8194379873029
339.8194379873029
339.8194379873029
339.8194379873029
339.8194379873029
339.8194379873029
339.8194379873029
339.8194379873029
339.8194379873029
339.8194379873029
339.8194379873029
339.8194379873029
339.8194379873029
339.8194379873029
339.8194379873029
339.8194379873029
339.8194379873029
339.8194379873029
339.8194379873029
339.8194379873029
339.8194379873029
339.8194379873029
339.8194379873029
339.8194379873029
339.8194379873029
339.8194379873029
339.8194379873029
339.8194379873029
339.8194379873029
339.8194379873029
339.8194379873029
339.8194379873029
339.8194379873029
339.8194379873029
339.8194379873029
339.8194379873029
339.8194379873029
339.8194379873029
339.8194379873029
775.3584162222562
775.3584162222562
775.3584162222562
775.3584162222562
775.3584162222562
775.3584162222562