# 2004 Mw6.0 Parkfield earthquake coseismic slip model from
#
#   Bruhat L. S. Barbot and J.-P. Avouac, "Evidence for 
#   postseismic deformation of the lower crust following the 
#   2004 Mw6.0 Parkfield earthquake", J.G.R, 116(B08401), 2011
#
# Conventions and units:
#
# slip - amplitude of slip (m)
# x1   - positive north (km)
# x2   - positive east (km)
# x3   - positive down (km)
# l    - patch length in the strike direction (km)
# w    - patch width in the dip direction (km)
# str  - strike angle (degree)
# d    - dip angle (degree)
# rak  - slip rake (degree)
#
# Geometry:
#
#                 N (x1)
#                /
#               /| Strike
#   x1,x2,x3 ->@------------------------      (x2)
#              |\        p .            \ W
#              :-\      i .              \ i
#              |  \    l .                \ d
#              :90 \  S .                  \ t
#              |-Dip\  .                    \ h
#              :     \. | Rake               \
#              |      -------------------------
#              :             L e n g t h
#              Z (x3)
#              
#  n      slip        x1        x2        x3    length     width   strike      dip     rake
0001     0.064   -1860.0    4630.0   14000.0    2000.0    1000.0   -44.00    90.00   180.00
0002     0.086    -420.0    3240.0   14000.0    2000.0    1000.0   -44.00    90.00   180.00
0003     0.042    1020.0    1850.0   14000.0    2000.0    1000.0   -44.00    90.00   180.00
0004     0.000    2450.0     465.0   14000.0    2000.0    1000.0   -44.00    90.00   180.00
0005     0.000    3890.0    -924.0   14000.0    2000.0    1000.0   -44.00    90.00   180.00
0006     0.000    5330.0   -2320.0   14000.0    2000.0    1000.0   -44.00    90.00   180.00
0007     0.000    6770.0   -3710.0   14000.0    2000.0    1000.0   -44.00    90.00   180.00
0008     0.000    8210.0   -5090.0   14000.0    2000.0    1000.0   -44.00    90.00   180.00
0009     0.000    9650.0   -6480.0   14000.0    2000.0    1000.0   -44.00    90.00   180.00
0010     0.000   11100.0   -7870.0   14000.0    2000.0    1000.0   -44.00    90.00   180.00
0011     0.000   12500.0   -9260.0   14000.0    2000.0    1000.0   -44.00    90.00   180.00
0012     0.000   14000.0  -10600.0   14000.0    2000.0    1000.0   -44.00    90.00   180.00
0013     0.000   15400.0  -12000.0   14000.0    2000.0    1000.0   -44.00    90.00   180.00
0014     0.000   16800.0  -13400.0   14000.0    2000.0    1000.0   -44.00    90.00   180.00
0015     0.016   18300.0  -14800.0   14000.0    2000.0    1000.0   -44.00    90.00   180.00
0016     0.010   19700.0  -16200.0   14000.0    2000.0    1000.0   -44.00    90.00   180.00
0017     0.000   21200.0  -17600.0   14000.0    2000.0    1000.0   -44.00    90.00   180.00
0018     0.000   22600.0  -19000.0   14000.0    2000.0    1000.0   -44.00    90.00   180.00
0019     0.000   24000.0  -20400.0   14000.0    2000.0    1000.0   -44.00    90.00   180.00
0020     0.000   25500.0  -21700.0   14000.0    2000.0    1000.0   -44.00    90.00   180.00
0021     0.094   -1860.0    4630.0   13000.0    2000.0    1000.0   -44.00    90.00   180.00
0022     0.139    -420.0    3240.0   13000.0    2000.0    1000.0   -44.00    90.00   180.00
0023     0.121    1020.0    1850.0   13000.0    2000.0    1000.0   -44.00    90.00   180.00
0024     0.061    2450.0     465.0   13000.0    2000.0    1000.0   -44.00    90.00   180.00
0025     0.011    3890.0    -924.0   13000.0    2000.0    1000.0   -44.00    90.00   180.00
0026     0.000    5330.0   -2320.0   13000.0    2000.0    1000.0   -44.00    90.00   180.00
0027     0.000    6770.0   -3710.0   13000.0    2000.0    1000.0   -44.00    90.00   180.00
0028     0.000    8210.0   -5090.0   13000.0    2000.0    1000.0   -44.00    90.00   180.00
0029     0.000    9650.0   -6480.0   13000.0    2000.0    1000.0   -44.00    90.00   180.00
0030     0.000   11100.0   -7870.0   13000.0    2000.0    1000.0   -44.00    90.00   180.00
0031     0.000   12500.0   -9260.0   13000.0    2000.0    1000.0   -44.00    90.00   180.00
0032     0.000   14000.0  -10600.0   13000.0    2000.0    1000.0   -44.00    90.00   180.00
0033     0.000   15400.0  -12000.0   13000.0    2000.0    1000.0   -44.00    90.00   180.00
0034     0.002   16800.0  -13400.0   13000.0    2000.0    1000.0   -44.00    90.00   180.00
0035     0.010   18300.0  -14800.0   13000.0    2000.0    1000.0   -44.00    90.00   180.00
0036     0.007   19700.0  -16200.0   13000.0    2000.0    1000.0   -44.00    90.00   180.00
0037     0.000   21200.0  -17600.0   13000.0    2000.0    1000.0   -44.00    90.00   180.00
0038     0.000   22600.0  -19000.0   13000.0    2000.0    1000.0   -44.00    90.00   180.00
0039     0.000   24000.0  -20400.0   13000.0    2000.0    1000.0   -44.00    90.00   180.00
0040     0.000   25500.0  -21700.0   13000.0    2000.0    1000.0   -44.00    90.00   180.00
0041     0.115   -1860.0    4630.0   12000.0    2000.0    1000.0   -44.00    90.00   180.00
0042     0.201    -420.0    3240.0   12000.0    2000.0    1000.0   -44.00    90.00   180.00
0043     0.200    1020.0    1850.0   12000.0    2000.0    1000.0   -44.00    90.00   180.00
0044     0.128    2450.0     465.0   12000.0    2000.0    1000.0   -44.00    90.00   180.00
0045     0.042    3890.0    -924.0   12000.0    2000.0    1000.0   -44.00    90.00   180.00
0046     0.000    5330.0   -2320.0   12000.0    2000.0    1000.0   -44.00    90.00   180.00
0047     0.000    6770.0   -3710.0   12000.0    2000.0    1000.0   -44.00    90.00   180.00
0048     0.000    8210.0   -5090.0   12000.0    2000.0    1000.0   -44.00    90.00   180.00
0049     0.000    9650.0   -6480.0   12000.0    2000.0    1000.0   -44.00    90.00   180.00
0050     0.000   11100.0   -7870.0   12000.0    2000.0    1000.0   -44.00    90.00   180.00
0051     0.000   12500.0   -9260.0   12000.0    2000.0    1000.0   -44.00    90.00   180.00
0052     0.000   14000.0  -10600.0   12000.0    2000.0    1000.0   -44.00    90.00   180.00
0053     0.000   15400.0  -12000.0   12000.0    2000.0    1000.0   -44.00    90.00   180.00
0054     0.000   16800.0  -13400.0   12000.0    2000.0    1000.0   -44.00    90.00   180.00
0055     0.006   18300.0  -14800.0   12000.0    2000.0    1000.0   -44.00    90.00   180.00
0056     0.004   19700.0  -16200.0   12000.0    2000.0    1000.0   -44.00    90.00   180.00
0057     0.000   21200.0  -17600.0   12000.0    2000.0    1000.0   -44.00    90.00   180.00
0058     0.000   22600.0  -19000.0   12000.0    2000.0    1000.0   -44.00    90.00   180.00
0059     0.000   24000.0  -20400.0   12000.0    2000.0    1000.0   -44.00    90.00   180.00
0060     0.000   25500.0  -21700.0   12000.0    2000.0    1000.0   -44.00    90.00   180.00
0061     0.136   -1860.0    4630.0   11000.0    2000.0    1000.0   -44.00    90.00   180.00
0062     0.259    -420.0    3240.0   11000.0    2000.0    1000.0   -44.00    90.00   180.00
0063     0.279    1020.0    1850.0   11000.0    2000.0    1000.0   -44.00    90.00   180.00
0064     0.202    2450.0     465.0   11000.0    2000.0    1000.0   -44.00    90.00   180.00
0065     0.082    3890.0    -924.0   11000.0    2000.0    1000.0   -44.00    90.00   180.00
0066     0.000    5330.0   -2320.0   11000.0    2000.0    1000.0   -44.00    90.00   180.00
0067     0.000    6770.0   -3710.0   11000.0    2000.0    1000.0   -44.00    90.00   180.00
0068     0.000    8210.0   -5090.0   11000.0    2000.0    1000.0   -44.00    90.00   180.00
0069     0.000    9650.0   -6480.0   11000.0    2000.0    1000.0   -44.00    90.00   180.00
0070     0.000   11100.0   -7870.0   11000.0    2000.0    1000.0   -44.00    90.00   180.00
0071     0.000   12500.0   -9260.0   11000.0    2000.0    1000.0   -44.00    90.00   180.00
0072     0.000   14000.0  -10600.0   11000.0    2000.0    1000.0   -44.00    90.00   180.00
0073     0.001   15400.0  -12000.0   11000.0    2000.0    1000.0   -44.00    90.00   180.00
0074     0.000   16800.0  -13400.0   11000.0    2000.0    1000.0   -44.00    90.00   180.00
0075     0.002   18300.0  -14800.0   11000.0    2000.0    1000.0   -44.00    90.00   180.00
0076     0.001   19700.0  -16200.0   11000.0    2000.0    1000.0   -44.00    90.00   180.00
0077     0.000   21200.0  -17600.0   11000.0    2000.0    1000.0   -44.00    90.00   180.00
0078     0.000   22600.0  -19000.0   11000.0    2000.0    1000.0   -44.00    90.00   180.00
0079     0.000   24000.0  -20400.0   11000.0    2000.0    1000.0   -44.00    90.00   180.00
0080     0.000   25500.0  -21700.0   11000.0    2000.0    1000.0   -44.00    90.00   180.00
0081     0.153   -1860.0    4630.0   10000.0    2000.0    1000.0   -44.00    90.00   180.00
0082     0.309    -420.0    3240.0   10000.0    2000.0    1000.0   -44.00    90.00   180.00
0083     0.354    1020.0    1850.0   10000.0    2000.0    1000.0   -44.00    90.00   180.00
0084     0.281    2450.0     465.0   10000.0    2000.0    1000.0   -44.00    90.00   180.00
0085     0.138    3890.0    -924.0   10000.0    2000.0    1000.0   -44.00    90.00   180.00
0086     0.017    5330.0   -2320.0   10000.0    2000.0    1000.0   -44.00    90.00   180.00
0087     0.000    6770.0   -3710.0   10000.0    2000.0    1000.0   -44.00    90.00   180.00
0088     0.000    8210.0   -5090.0   10000.0    2000.0    1000.0   -44.00    90.00   180.00
0089     0.000    9650.0   -6480.0   10000.0    2000.0    1000.0   -44.00    90.00   180.00
0090     0.000   11100.0   -7870.0   10000.0    2000.0    1000.0   -44.00    90.00   180.00
0091     0.000   12500.0   -9260.0   10000.0    2000.0    1000.0   -44.00    90.00   180.00
0092     0.013   14000.0  -10600.0   10000.0    2000.0    1000.0   -44.00    90.00   180.00
0093     0.015   15400.0  -12000.0   10000.0    2000.0    1000.0   -44.00    90.00   180.00
0094     0.000   16800.0  -13400.0   10000.0    2000.0    1000.0   -44.00    90.00   180.00
0095     0.000   18300.0  -14800.0   10000.0    2000.0    1000.0   -44.00    90.00   180.00
0096     0.000   19700.0  -16200.0   10000.0    2000.0    1000.0   -44.00    90.00   180.00
0097     0.000   21200.0  -17600.0   10000.0    2000.0    1000.0   -44.00    90.00   180.00
0098     0.000   22600.0  -19000.0   10000.0    2000.0    1000.0   -44.00    90.00   180.00
0099     0.000   24000.0  -20400.0   10000.0    2000.0    1000.0   -44.00    90.00   180.00
0100     0.000   25500.0  -21700.0   10000.0    2000.0    1000.0   -44.00    90.00   180.00
0101     0.165   -1860.0    4630.0    9000.0    2000.0    1000.0   -44.00    90.00   180.00
0102     0.344    -420.0    3240.0    9000.0    2000.0    1000.0   -44.00    90.00   180.00
0103     0.415    1020.0    1850.0    9000.0    2000.0    1000.0   -44.00    90.00   180.00
0104     0.358    2450.0     465.0    9000.0    2000.0    1000.0   -44.00    90.00   180.00
0105     0.203    3890.0    -924.0    9000.0    2000.0    1000.0   -44.00    90.00   180.00
0106     0.044    5330.0   -2320.0    9000.0    2000.0    1000.0   -44.00    90.00   180.00
0107     0.000    6770.0   -3710.0    9000.0    2000.0    1000.0   -44.00    90.00   180.00
0108     0.000    8210.0   -5090.0    9000.0    2000.0    1000.0   -44.00    90.00   180.00
0109     0.000    9650.0   -6480.0    9000.0    2000.0    1000.0   -44.00    90.00   180.00
0110     0.000   11100.0   -7870.0    9000.0    2000.0    1000.0   -44.00    90.00   180.00
0111     0.010   12500.0   -9260.0    9000.0    2000.0    1000.0   -44.00    90.00   180.00
0112     0.055   14000.0  -10600.0    9000.0    2000.0    1000.0   -44.00    90.00   180.00
0113     0.050   15400.0  -12000.0    9000.0    2000.0    1000.0   -44.00    90.00   180.00
0114     0.006   16800.0  -13400.0    9000.0    2000.0    1000.0   -44.00    90.00   180.00
0115     0.000   18300.0  -14800.0    9000.0    2000.0    1000.0   -44.00    90.00   180.00
0116     0.000   19700.0  -16200.0    9000.0    2000.0    1000.0   -44.00    90.00   180.00
0117     0.000   21200.0  -17600.0    9000.0    2000.0    1000.0   -44.00    90.00   180.00
0118     0.000   22600.0  -19000.0    9000.0    2000.0    1000.0   -44.00    90.00   180.00
0119     0.000   24000.0  -20400.0    9000.0    2000.0    1000.0   -44.00    90.00   180.00
0120     0.000   25500.0  -21700.0    9000.0    2000.0    1000.0   -44.00    90.00   180.00
0121     0.167   -1860.0    4630.0    8000.0    2000.0    1000.0   -44.00    90.00   180.00
0122     0.356    -420.0    3240.0    8000.0    2000.0    1000.0   -44.00    90.00   180.00
0123     0.452    1020.0    1850.0    8000.0    2000.0    1000.0   -44.00    90.00   180.00
0124     0.421    2450.0     465.0    8000.0    2000.0    1000.0   -44.00    90.00   180.00
0125     0.267    3890.0    -924.0    8000.0    2000.0    1000.0   -44.00    90.00   180.00
0126     0.075    5330.0   -2320.0    8000.0    2000.0    1000.0   -44.00    90.00   180.00
0127     0.000    6770.0   -3710.0    8000.0    2000.0    1000.0   -44.00    90.00   180.00
0128     0.017    8210.0   -5090.0    8000.0    2000.0    1000.0   -44.00    90.00   180.00
0129     0.041    9650.0   -6480.0    8000.0    2000.0    1000.0   -44.00    90.00   180.00
0130     0.039   11100.0   -7870.0    8000.0    2000.0    1000.0   -44.00    90.00   180.00
0131     0.073   12500.0   -9260.0    8000.0    2000.0    1000.0   -44.00    90.00   180.00
0132     0.141   14000.0  -10600.0    8000.0    2000.0    1000.0   -44.00    90.00   180.00
0133     0.112   15400.0  -12000.0    8000.0    2000.0    1000.0   -44.00    90.00   180.00
0134     0.018   16800.0  -13400.0    8000.0    2000.0    1000.0   -44.00    90.00   180.00
0135     0.000   18300.0  -14800.0    8000.0    2000.0    1000.0   -44.00    90.00   180.00
0136     0.000   19700.0  -16200.0    8000.0    2000.0    1000.0   -44.00    90.00   180.00
0137     0.000   21200.0  -17600.0    8000.0    2000.0    1000.0   -44.00    90.00   180.00
0138     0.000   22600.0  -19000.0    8000.0    2000.0    1000.0   -44.00    90.00   180.00
0139     0.000   24000.0  -20400.0    8000.0    2000.0    1000.0   -44.00    90.00   180.00
0140     0.000   25500.0  -21700.0    8000.0    2000.0    1000.0   -44.00    90.00   180.00
0141     0.154   -1860.0    4630.0    7000.0    2000.0    1000.0   -44.00    90.00   180.00
0142     0.338    -420.0    3240.0    7000.0    2000.0    1000.0   -44.00    90.00   180.00
0143     0.453    1020.0    1850.0    7000.0    2000.0    1000.0   -44.00    90.00   180.00
0144     0.455    2450.0     465.0    7000.0    2000.0    1000.0   -44.00    90.00   180.00
0145     0.317    3890.0    -924.0    7000.0    2000.0    1000.0   -44.00    90.00   180.00
0146     0.104    5330.0   -2320.0    7000.0    2000.0    1000.0   -44.00    90.00   180.00
0147     0.017    6770.0   -3710.0    7000.0    2000.0    1000.0   -44.00    90.00   180.00
0148     0.119    8210.0   -5090.0    7000.0    2000.0    1000.0   -44.00    90.00   180.00
0149     0.186    9650.0   -6480.0    7000.0    2000.0    1000.0   -44.00    90.00   180.00
0150     0.165   11100.0   -7870.0    7000.0    2000.0    1000.0   -44.00    90.00   180.00
0151     0.192   12500.0   -9260.0    7000.0    2000.0    1000.0   -44.00    90.00   180.00
0152     0.264   14000.0  -10600.0    7000.0    2000.0    1000.0   -44.00    90.00   180.00
0153     0.195   15400.0  -12000.0    7000.0    2000.0    1000.0   -44.00    90.00   180.00
0154     0.033   16800.0  -13400.0    7000.0    2000.0    1000.0   -44.00    90.00   180.00
0155     0.000   18300.0  -14800.0    7000.0    2000.0    1000.0   -44.00    90.00   180.00
0156     0.000   19700.0  -16200.0    7000.0    2000.0    1000.0   -44.00    90.00   180.00
0157     0.000   21200.0  -17600.0    7000.0    2000.0    1000.0   -44.00    90.00   180.00
0158     0.000   22600.0  -19000.0    7000.0    2000.0    1000.0   -44.00    90.00   180.00
0159     0.000   24000.0  -20400.0    7000.0    2000.0    1000.0   -44.00    90.00   180.00
0160     0.000   25500.0  -21700.0    7000.0    2000.0    1000.0   -44.00    90.00   180.00
0161     0.121   -1860.0    4630.0    6000.0    2000.0    1000.0   -44.00    90.00   180.00
0162     0.286    -420.0    3240.0    6000.0    2000.0    1000.0   -44.00    90.00   180.00
0163     0.411    1020.0    1850.0    6000.0    2000.0    1000.0   -44.00    90.00   180.00
0164     0.449    2450.0     465.0    6000.0    2000.0    1000.0   -44.00    90.00   180.00
0165     0.342    3890.0    -924.0    6000.0    2000.0    1000.0   -44.00    90.00   180.00
0166     0.124    5330.0   -2320.0    6000.0    2000.0    1000.0   -44.00    90.00   180.00
0167     0.058    6770.0   -3710.0    6000.0    2000.0    1000.0   -44.00    90.00   180.00
0168     0.285    8210.0   -5090.0    6000.0    2000.0    1000.0   -44.00    90.00   180.00
0169     0.398    9650.0   -6480.0    6000.0    2000.0    1000.0   -44.00    90.00   180.00
0170     0.334   11100.0   -7870.0    6000.0    2000.0    1000.0   -44.00    90.00   180.00
0171     0.331   12500.0   -9260.0    6000.0    2000.0    1000.0   -44.00    90.00   180.00
0172     0.396   14000.0  -10600.0    6000.0    2000.0    1000.0   -44.00    90.00   180.00
0173     0.286   15400.0  -12000.0    6000.0    2000.0    1000.0   -44.00    90.00   180.00
0174     0.046   16800.0  -13400.0    6000.0    2000.0    1000.0   -44.00    90.00   180.00
0175     0.000   18300.0  -14800.0    6000.0    2000.0    1000.0   -44.00    90.00   180.00
0176     0.000   19700.0  -16200.0    6000.0    2000.0    1000.0   -44.00    90.00   180.00
0177     0.000   21200.0  -17600.0    6000.0    2000.0    1000.0   -44.00    90.00   180.00
0178     0.000   22600.0  -19000.0    6000.0    2000.0    1000.0   -44.00    90.00   180.00
0179     0.000   24000.0  -20400.0    6000.0    2000.0    1000.0   -44.00    90.00   180.00
0180     0.000   25500.0  -21700.0    6000.0    2000.0    1000.0   -44.00    90.00   180.00
0181     0.061   -1860.0    4630.0    5000.0    2000.0    1000.0   -44.00    90.00   180.00
0182     0.203    -420.0    3240.0    5000.0    2000.0    1000.0   -44.00    90.00   180.00
0183     0.325    1020.0    1850.0    5000.0    2000.0    1000.0   -44.00    90.00   180.00
0184     0.396    2450.0     465.0    5000.0    2000.0    1000.0   -44.00    90.00   180.00
0185     0.331    3890.0    -924.0    5000.0    2000.0    1000.0   -44.00    90.00   180.00
0186     0.119    5330.0   -2320.0    5000.0    2000.0    1000.0   -44.00    90.00   180.00
0187     0.081    6770.0   -3710.0    5000.0    2000.0    1000.0   -44.00    90.00   180.00
0188     0.466    8210.0   -5090.0    5000.0    2000.0    1000.0   -44.00    90.00   180.00
0189     0.614    9650.0   -6480.0    5000.0    2000.0    1000.0   -44.00    90.00   180.00
0190     0.481   11100.0   -7870.0    5000.0    2000.0    1000.0   -44.00    90.00   180.00
0191     0.433   12500.0   -9260.0    5000.0    2000.0    1000.0   -44.00    90.00   180.00
0192     0.492   14000.0  -10600.0    5000.0    2000.0    1000.0   -44.00    90.00   180.00
0193     0.361   15400.0  -12000.0    5000.0    2000.0    1000.0   -44.00    90.00   180.00
0194     0.050   16800.0  -13400.0    5000.0    2000.0    1000.0   -44.00    90.00   180.00
0195     0.000   18300.0  -14800.0    5000.0    2000.0    1000.0   -44.00    90.00   180.00
0196     0.000   19700.0  -16200.0    5000.0    2000.0    1000.0   -44.00    90.00   180.00
0197     0.000   21200.0  -17600.0    5000.0    2000.0    1000.0   -44.00    90.00   180.00
0198     0.000   22600.0  -19000.0    5000.0    2000.0    1000.0   -44.00    90.00   180.00
0199     0.000   24000.0  -20400.0    5000.0    2000.0    1000.0   -44.00    90.00   180.00
0200     0.000   25500.0  -21700.0    5000.0    2000.0    1000.0   -44.00    90.00   180.00
0201     0.000   -1860.0    4630.0    4000.0    2000.0    1000.0   -44.00    90.00   180.00
0202     0.109    -420.0    3240.0    4000.0    2000.0    1000.0   -44.00    90.00   180.00
0203     0.209    1020.0    1850.0    4000.0    2000.0    1000.0   -44.00    90.00   180.00
0204     0.300    2450.0     465.0    4000.0    2000.0    1000.0   -44.00    90.00   180.00
0205     0.283    3890.0    -924.0    4000.0    2000.0    1000.0   -44.00    90.00   180.00
0206     0.090    5330.0   -2320.0    4000.0    2000.0    1000.0   -44.00    90.00   180.00
0207     0.063    6770.0   -3710.0    4000.0    2000.0    1000.0   -44.00    90.00   180.00
0208     0.596    8210.0   -5090.0    4000.0    2000.0    1000.0   -44.00    90.00   180.00
0209     0.718    9650.0   -6480.0    4000.0    2000.0    1000.0   -44.00    90.00   180.00
0210     0.513   11100.0   -7870.0    4000.0    2000.0    1000.0   -44.00    90.00   180.00
0211     0.435   12500.0   -9260.0    4000.0    2000.0    1000.0   -44.00    90.00   180.00
0212     0.495   14000.0  -10600.0    4000.0    2000.0    1000.0   -44.00    90.00   180.00
0213     0.397   15400.0  -12000.0    4000.0    2000.0    1000.0   -44.00    90.00   180.00
0214     0.044   16800.0  -13400.0    4000.0    2000.0    1000.0   -44.00    90.00   180.00
0215     0.000   18300.0  -14800.0    4000.0    2000.0    1000.0   -44.00    90.00   180.00
0216     0.000   19700.0  -16200.0    4000.0    2000.0    1000.0   -44.00    90.00   180.00
0217     0.000   21200.0  -17600.0    4000.0    2000.0    1000.0   -44.00    90.00   180.00
0218     0.000   22600.0  -19000.0    4000.0    2000.0    1000.0   -44.00    90.00   180.00
0219     0.000   24000.0  -20400.0    4000.0    2000.0    1000.0   -44.00    90.00   180.00
0220     0.000   25500.0  -21700.0    4000.0    2000.0    1000.0   -44.00    90.00   180.00
0221     0.000   -1860.0    4630.0    3000.0    2000.0    1000.0   -44.00    90.00   180.00
0222     0.034    -420.0    3240.0    3000.0    2000.0    1000.0   -44.00    90.00   180.00
0223     0.092    1020.0    1850.0    3000.0    2000.0    1000.0   -44.00    90.00   180.00
0224     0.179    2450.0     465.0    3000.0    2000.0    1000.0   -44.00    90.00   180.00
0225     0.211    3890.0    -924.0    3000.0    2000.0    1000.0   -44.00    90.00   180.00
0226     0.060    5330.0   -2320.0    3000.0    2000.0    1000.0   -44.00    90.00   180.00
0227     0.000    6770.0   -3710.0    3000.0    2000.0    1000.0   -44.00    90.00   180.00
0228     0.592    8210.0   -5090.0    3000.0    2000.0    1000.0   -44.00    90.00   180.00
0229     0.639    9650.0   -6480.0    3000.0    2000.0    1000.0   -44.00    90.00   180.00
0230     0.397   11100.0   -7870.0    3000.0    2000.0    1000.0   -44.00    90.00   180.00
0231     0.325   12500.0   -9260.0    3000.0    2000.0    1000.0   -44.00    90.00   180.00
0232     0.382   14000.0  -10600.0    3000.0    2000.0    1000.0   -44.00    90.00   180.00
0233     0.387   15400.0  -12000.0    3000.0    2000.0    1000.0   -44.00    90.00   180.00
0234     0.045   16800.0  -13400.0    3000.0    2000.0    1000.0   -44.00    90.00   180.00
0235     0.000   18300.0  -14800.0    3000.0    2000.0    1000.0   -44.00    90.00   180.00
0236     0.000   19700.0  -16200.0    3000.0    2000.0    1000.0   -44.00    90.00   180.00
0237     0.000   21200.0  -17600.0    3000.0    2000.0    1000.0   -44.00    90.00   180.00
0238     0.000   22600.0  -19000.0    3000.0    2000.0    1000.0   -44.00    90.00   180.00
0239     0.000   24000.0  -20400.0    3000.0    2000.0    1000.0   -44.00    90.00   180.00
0240     0.000   25500.0  -21700.0    3000.0    2000.0    1000.0   -44.00    90.00   180.00
0241     0.000   -1860.0    4630.0    2000.0    2000.0    1000.0   -44.00    90.00   180.00
0242     0.000    -420.0    3240.0    2000.0    2000.0    1000.0   -44.00    90.00   180.00
0243     0.000    1020.0    1850.0    2000.0    2000.0    1000.0   -44.00    90.00   180.00
0244     0.065    2450.0     465.0    2000.0    2000.0    1000.0   -44.00    90.00   180.00
0245     0.141    3890.0    -924.0    2000.0    2000.0    1000.0   -44.00    90.00   180.00
0246     0.099    5330.0   -2320.0    2000.0    2000.0    1000.0   -44.00    90.00   180.00
0247     0.000    6770.0   -3710.0    2000.0    2000.0    1000.0   -44.00    90.00   180.00
0248     0.442    8210.0   -5090.0    2000.0    2000.0    1000.0   -44.00    90.00   180.00
0249     0.234    9650.0   -6480.0    2000.0    2000.0    1000.0   -44.00    90.00   180.00
0250     0.103   11100.0   -7870.0    2000.0    2000.0    1000.0   -44.00    90.00   180.00
0251     0.115   12500.0   -9260.0    2000.0    2000.0    1000.0   -44.00    90.00   180.00
0252     0.142   14000.0  -10600.0    2000.0    2000.0    1000.0   -44.00    90.00   180.00
0253     0.301   15400.0  -12000.0    2000.0    2000.0    1000.0   -44.00    90.00   180.00
0254     0.064   16800.0  -13400.0    2000.0    2000.0    1000.0   -44.00    90.00   180.00
0255     0.009   18300.0  -14800.0    2000.0    2000.0    1000.0   -44.00    90.00   180.00
0256     0.000   19700.0  -16200.0    2000.0    2000.0    1000.0   -44.00    90.00   180.00
0257     0.000   21200.0  -17600.0    2000.0    2000.0    1000.0   -44.00    90.00   180.00
0258     0.000   22600.0  -19000.0    2000.0    2000.0    1000.0   -44.00    90.00   180.00
0259     0.000   24000.0  -20400.0    2000.0    2000.0    1000.0   -44.00    90.00   180.00
0260     0.000   25500.0  -21700.0    2000.0    2000.0    1000.0   -44.00    90.00   180.00
0261     0.000   -1860.0    4630.0    1000.0    2000.0    1000.0   -44.00    90.00   180.00
0262     0.000    -420.0    3240.0    1000.0    2000.0    1000.0   -44.00    90.00   180.00
0263     0.000    1020.0    1850.0    1000.0    2000.0    1000.0   -44.00    90.00   180.00
0264     0.000    2450.0     465.0    1000.0    2000.0    1000.0   -44.00    90.00   180.00
0265     0.074    3890.0    -924.0    1000.0    2000.0    1000.0   -44.00    90.00   180.00
0266     0.204    5330.0   -2320.0    1000.0    2000.0    1000.0   -44.00    90.00   180.00
0267     0.000    6770.0   -3710.0    1000.0    2000.0    1000.0   -44.00    90.00   180.00
0268     0.000    8210.0   -5090.0    1000.0    2000.0    1000.0   -44.00    90.00   180.00
0269     0.000    9650.0   -6480.0    1000.0    2000.0    1000.0   -44.00    90.00   180.00
0270     0.000   11100.0   -7870.0    1000.0    2000.0    1000.0   -44.00    90.00   180.00
0271     0.063   12500.0   -9260.0    1000.0    2000.0    1000.0   -44.00    90.00   180.00
0272     0.000   14000.0  -10600.0    1000.0    2000.0    1000.0   -44.00    90.00   180.00
0273     0.220   15400.0  -12000.0    1000.0    2000.0    1000.0   -44.00    90.00   180.00
0274     0.167   16800.0  -13400.0    1000.0    2000.0    1000.0   -44.00    90.00   180.00
0275     0.106   18300.0  -14800.0    1000.0    2000.0    1000.0   -44.00    90.00   180.00
0276     0.000   19700.0  -16200.0    1000.0    2000.0    1000.0   -44.00    90.00   180.00
0277     0.000   21200.0  -17600.0    1000.0    2000.0    1000.0   -44.00    90.00   180.00
0278     0.000   22600.0  -19000.0    1000.0    2000.0    1000.0   -44.00    90.00   180.00
0279     0.000   24000.0  -20400.0    1000.0    2000.0    1000.0   -44.00    90.00   180.00
0280     0.000   25500.0  -21700.0    1000.0    2000.0    1000.0   -44.00    90.00   180.00
0281     0.000   -1860.0    4630.0       0.0    2000.0    1000.0   -44.00    90.00   180.00
0282     0.000    -420.0    3240.0       0.0    2000.0    1000.0   -44.00    90.00   180.00
0283     0.000    1020.0    1850.0       0.0    2000.0    1000.0   -44.00    90.00   180.00
0284     0.000    2450.0     465.0       0.0    2000.0    1000.0   -44.00    90.00   180.00
0285     0.000    3890.0    -924.0       0.0    2000.0    1000.0   -44.00    90.00   180.00
0286     0.346    5330.0   -2320.0       0.0    2000.0    1000.0   -44.00    90.00   180.00
0287     0.000    6770.0   -3710.0       0.0    2000.0    1000.0   -44.00    90.00   180.00
0288     0.000    8210.0   -5090.0       0.0    2000.0    1000.0   -44.00    90.00   180.00
0289     0.000    9650.0   -6480.0       0.0    2000.0    1000.0   -44.00    90.00   180.00
0290     0.256   11100.0   -7870.0       0.0    2000.0    1000.0   -44.00    90.00   180.00
0291     0.099   12500.0   -9260.0       0.0    2000.0    1000.0   -44.00    90.00   180.00
0292     0.000   14000.0  -10600.0       0.0    2000.0    1000.0   -44.00    90.00   180.00
0293     0.000   15400.0  -12000.0       0.0    2000.0    1000.0   -44.00    90.00   180.00
0294     0.247   16800.0  -13400.0       0.0    2000.0    1000.0   -44.00    90.00   180.00
0295     0.031   18300.0  -14800.0       0.0    2000.0    1000.0   -44.00    90.00   180.00
0296     0.011   19700.0  -16200.0       0.0    2000.0    1000.0   -44.00    90.00   180.00
0297     0.000   21200.0  -17600.0       0.0    2000.0    1000.0   -44.00    90.00   180.00
0298     0.000   22600.0  -19000.0       0.0    2000.0    1000.0   -44.00    90.00   180.00
0299     0.000   24000.0  -20400.0       0.0    2000.0    1000.0   -44.00    90.00   180.00
0300     0.000   25500.0  -21700.0       0.0    2000.0    1000.0   -44.00    90.00   180.00
