> 6688    1 MEDITERRANEAN RIDGE, TRENCH SW OF GREECE  
> 6688    2 TRANSFORM FAULT SE OF GREECE                                          
> 92 1    1  NCATL RIDGE AXIS                                                     
  4778183.00   4797409.93
  4795926.04   4760071.00
  4769606.43   4744753.65
  4777422.58   4724353.94
  4752938.47   4709458.45
  4761552.06   4688750.81
  4739196.96   4675148.16
  4753886.64   4640045.04
  4724098.14   4624859.25
  4758525.97   4548626.62
  4735477.85   4536978.30
  4742466.83   4514994.41
  4733813.19   4509276.84
  4756821.96   4442006.94
  4744067.02   4434327.66
  4770736.93   4341808.82
  4590189.10   4259557.03
  4614259.22   4173247.93
  4596609.59   4164755.38
  4601999.02   4141511.44
  4582735.78   4130080.51
  4598633.41   4064465.42
  4588280.40   4060238.21
  4603091.84   3995401.44
  4585678.00   3989344.10
  4591574.09   3953358.75
  4409675.30   3883970.24
  4442130.88   3788332.01
  4429153.23   3783472.79
  4430786.64   3576071.10
  4413177.43   3568534.76
  4404414.78   3464979.13
  4375411.09   3455818.22
  4379726.50   3259089.40
  4309515.60   3239366.72
  4311665.40   3147836.05
  4305969.14   3144826.26
  4301306.26   3040274.53
  4292291.09   3037698.25
  4289579.35   2928381.88
  4280447.73   2925292.07
  4287093.93   2796062.23
  4272213.36   2792577.22
  4282246.76   2650998.40
  4288476.37   2651640.75
  4289845.21   2620382.52
  4265884.31   2614598.69
  4262517.10   2481146.37
  4225578.92   2476209.37
  4218299.55   2375680.14
  4208565.97   2373715.85
  4205953.86   2273465.62
  4406699.02   2304842.80
  4426465.65   2209694.16
  4420616.78   2209223.22
  4451724.87   2045715.56
  4433137.70   2042417.28
  4442465.64   1960168.23
  4455394.05   1960508.59
  4464514.34   1870152.88
  4436342.02   1865567.99
  4448193.73   1748372.07
  4439934.26   1749433.73
  4450943.76   1621428.06
  4445074.04   1620736.55
  4452580.30   1547254.68
  4443368.71   1544756.66
  4456036.36   1426799.23
  4472037.28   1428057.72
  4481359.66   1289964.58
  4489457.33   1289692.98
  4496971.25   1124493.14
  4722795.43   1150599.23
> Pen up flag, same line
  4784153.90   4795443.16
  4860310.79   4844086.47
  4831642.36   4901694.99
  4860039.62   4922267.23
  4827738.18   5037002.13
  4844181.39   5049955.02
  4784715.56   5196896.03
  4795341.27   5209633.49
  4745496.40   5283134.75
  4741058.56   5287220.93
  4738664.13   5293045.25
  4736031.95   5296860.09
  4730043.63   5291132.58
  4720900.48   5302426.95
  4712816.99   5311834.75
  4706008.40   5323613.48
  4698522.29   5333943.64
  4689872.89   5342860.46
  4685349.75   5347827.09
  4706440.56   5362675.91
  4694485.60   5378928.05
  4679281.93   5397949.36
  4668740.07   5410732.81
  4655458.98   5426241.65
  4647367.68   5435993.70
  4636403.54   5431967.02
  4624513.36   5448537.40
  4612381.27   5465331.99
  4598579.39   5482992.01
  4586873.26   5496442.41
  4578164.04   5510116.46
  4569074.29   5503436.10
  4553927.93   5519862.07
  4543624.11   5529394.80
  4539237.67   5535704.02
  4533812.27   5541581.85
  4519170.09   5525260.80
  4508462.05   5540728.71
  4498547.30   5554124.19
  4491924.81   5563038.84
  4486212.68   5570899.19
  4482407.36   5575391.26
  4476690.08   5571915.37
  4467164.85   5584226.12
  4456504.61   5597360.08
  4450287.63   5605216.56
  4443921.18   5611097.77
  4454323.35   5620846.65
  4445546.62   5639153.72
  4433267.27   5663094.66
  4427131.19   5678221.03
  4416449.07   5694878.42
  4412380.67   5705414.94
  4407031.25   5715296.81
  4426116.60   5734986.60
  4419155.26   5743512.52
  4410633.75   5753827.59
  4401588.55   5763676.77
  4396088.99   5772074.14
  4391059.68   5776790.18
  4386392.89   5783170.54
  4391933.46   5785736.77
  4382241.16   5800444.25
  4373323.80   5812175.27
  4363963.27   5824890.17
  4354912.37   5838282.82
  4344972.30   5853155.91
  4338913.41   5860536.37
  4334396.21   5865632.23
  4331410.92   5872089.63
  4326355.11   5868515.60
  4322641.84   5874772.47
  4317320.57   5882310.29
  4314418.09   5886093.98
  4310306.76   5893810.11
  4317532.29   5897492.63
  4310708.71   5904150.94
  4306408.48   5908964.09
  4299099.40   5915634.55
  4292391.36   5920572.01
  4295881.44   5922312.61
  4289714.35   5928183.24
  4286302.18   5931494.85
  4282936.41   5935757.58
  4287141.24   5937700.89
  4284950.40   5941179.33
  4280873.47   5945720.11
  4278003.07   5945870.53
  4282281.90   5949255.31
  4276201.62   5956535.90
  4266508.69   5967832.95
  4254453.67   5979712.73
  4249247.41   5985485.24
  4252132.03   5989894.44
  4246865.10   5994710.87
  4242839.91   5999688.02
  4247202.89   6005461.33
  4237847.05   6014288.46
  4231541.26   6021759.95
  4224933.73   6028051.75
  4228491.47   6032180.21
  4219389.25   6041204.65
  4213929.19   6046213.85
  4200682.14   6058263.16
  4185721.03   6073691.88
  4179546.65   6078962.85
  4172911.09   6084243.06
  4177420.50   6089263.50
  4166899.88   6097803.16
  4159871.23   6104972.45
  4153608.09   6113309.52
  4138472.97   6118916.63
  4125183.53   6123018.64
  4116336.14   6125762.97
  4108389.68   6132462.77
  4102205.14   6137203.68
  4094473.41   6143178.88
  4090024.32   6149502.21
  4081798.92   6155003.66
  4073971.20   6159092.59
  4068946.97   6151291.40
  4054068.70   6160118.08
  4041226.51   6166757.47
  4028685.27   6174989.24
  4017506.44   6181780.61
  4002320.41   6187516.06
  3988931.70   6196707.86
  3977588.48   6204154.46
  3966906.96   6210864.69
  3958986.29   6216527.71
  3949399.33   6208519.01
  3942757.06   6199700.57
  3932499.25   6204082.12
  3917250.38   6210963.01
  3902815.40   6214539.95
  3890484.87   6218747.93
  3877727.87   6222958.46
  3866954.80   6225014.18
  3859404.75   6226474.96
  3849072.98   6227584.98
  3838253.62   6233107.68
  3824934.15   6239388.62
  3812032.43   6244280.58
  3804348.04   6247349.47
  3794809.87   6238069.47
  3789503.83   6231387.01
  3778211.34   6235538.79
  3768278.66   6239162.73
  3755371.31   6242204.46
  3746032.75   6248553.28
  3737098.45   6253951.48
  3727513.99   6259604.25
  3717591.94   6256120.91
  3709731.52   6253695.80
  3692898.60   6253936.50
  3678400.59   6255003.01
  3668818.41   6254033.25
  3664284.39   6254219.79
  3647081.33   6255398.91
  3632160.84   6256043.55
  3622884.28   6256200.06
  3617033.60   6256909.56
  3607936.32   6261156.80
  3599069.67   6265158.07
  3590576.87   6267319.00
  3579661.61   6276400.72
  3563008.62   6287937.27
  3546429.25   6301264.71
  3525759.49   6318567.58
  3511816.20   6329472.02
  3501981.80   6336384.69
  3491711.81   6343301.63
  3484602.98   6350531.90
  3463981.62   6331822.09
  3438690.51   6307526.30
  3424699.17   6293354.22
  3413464.02   6280863.30
  3399135.77   6294688.58
  3390526.77   6301758.18
  3383009.16   6308093.79
  3362149.19   6293177.60
  3343992.98   6279074.03
  3332231.66   6269147.54
  3314075.50   6255100.83
  3296311.29   6240186.93
  3283601.99   6229046.93
  3274195.26   6222189.24
  3256321.14   6205158.16
  3234908.70   6184141.19
  3208509.35   6160824.11
  3186406.98   6139770.83
  3164682.47   6121613.98
  3168134.01   6124272.30
  3160439.89   6116575.82
  3152623.35   6110870.82
  3138412.73   6123130.90
  3126345.59   6134394.70
  3113004.59   6146119.71
  3106124.28   6152443.19
  3095585.64   6147997.33
  3084818.40   6162404.76
  3078333.13   6171517.66
  3074841.56   6175429.94
  3061318.27   6167864.69
  3053392.03   6182293.01
  3042808.30   6200124.81
  3034840.24   6214077.07
  3023303.14   6230591.55
  3016097.24   6242729.52
  3010728.22   6252370.15
  2999422.65   6243815.31
  2988991.22   6235203.18
  2976555.70   6254976.39
  2965021.49   6271398.56
  2958100.60   6284979.01
  2948924.58   6296480.73
  2946320.38   6305273.39
  2937680.55   6301136.27
  2927882.55   6317845.18
  2916053.22   6337649.33
  2905664.72   6356280.15
  2893489.73   6378613.76
  2888377.01   6390070.44
  2883096.03   6397628.52
  2897890.79   6406724.79
  2887369.90   6417725.07
  2878427.38   6431023.94
  2867192.85   6446347.58
  2855822.12   6458194.10
  2848464.15   6467938.23
  2844191.76   6474341.62
  2849304.43   6479103.90
  2842948.23   6487287.64
  2838149.92   6496928.62
  2832022.47   6505747.60
  2842860.11   6509237.09
  2836906.99   6516953.52
  2833930.88   6524154.77
  2829028.66   6531189.36
  2838245.53   6537759.36
  2844000.88   6543579.59
  2849079.07   6547928.35
  2838298.02   6559458.38
  2830638.48   6568085.30
  2824868.91   6575562.71
  2816784.54   6584179.83
  2821062.35   6591127.41
  2827554.16   6601018.99
  2817194.14   6620839.35
  2811084.41   6632165.91
  2806997.18   6639139.78
  2804413.00   6646717.91
  2810492.83   6649979.94
  2803190.83   6666026.60
  2796669.38   6678614.11
  2794820.89   6690647.65
  2791122.14   6696737.50
  2800077.04   6705710.54
  2792794.48   6724290.98
  2788215.83   6740436.61
  2784836.87   6752261.16
  2781154.14   6760036.25
  2777475.85   6768663.99
  2786979.83   6776160.82
  2780022.04   6792541.86
  2774099.30   6807385.35
  2767949.24   6822445.06
  2764748.87   6836151.55
  2759573.89   6846264.90
  2768586.23   6852516.30
  2760327.31   6871840.89
  2753558.10   6891319.20
  2744842.29   6910609.58
  2736099.04   6927743.01
  2731339.07   6941214.96
  2726401.25   6959971.40
  2721445.18   6979153.12
  2717081.47   6992573.54
  2711016.93   7008129.97
  2706848.05   7021747.55
  2701606.77   7033866.25
  2698052.70   7043439.55
  2705024.51   7046575.84
  2696393.06   7059550.96
  2689225.30   7078252.92
  2682270.05   7099661.39
  2675508.21   7120848.79
  2669578.55   7136090.87
  2664882.54   7152591.00
  2654897.31   7178575.36
  2646819.93   7196726.51
  2637677.47   7214226.98
  2631245.57   7232763.26
  2622451.35   7257390.70
  2618088.26   7275477.60
  2608036.00   7296257.65
  2600282.24   7315152.44
  2592514.05   7334848.67
  2585777.66   7354327.92
  2580522.43   7371905.79
  2584806.69   7378031.27
  2578770.91   7390975.99
  2572956.97   7402452.85
  2565206.74   7417051.58
  2561467.75   7428945.30
  2554708.24   7445828.04
  2558809.97   7449223.80
  2549948.22   7466485.22
  2544385.03   7484607.43
  2538351.21   7505211.65
  2535052.85   7522716.61
  2530215.54   7535159.91
  2529566.48   7545180.27
  2537196.69   7547593.54
  2528940.28   7562899.17
  2528206.70   7567688.60
  2530065.30   7576065.09
  2529919.98   7582320.19
  2526207.64   7589552.99
  2523295.10   7597628.79
  2522353.43   7602207.91
> Pen up flag, same line
  2539947.78   7595007.87
  2537477.03   7602258.29
  2533150.14   7609277.64
  2529378.67   7618587.82
  2526261.05   7626442.54
> Pen up flag, same line
  2542169.06   7613193.29
  2538894.03   7619176.65
  2535389.38   7625786.33
  2532985.48   7630111.00
  2531474.35   7632373.56
> Pen up flag, same line
  2552341.62   7619637.82
  2548163.21   7628113.27
  2544711.93   7633043.08
  2538553.18   7645437.05
  2534820.53   7653055.79
  2528194.65   7659800.24
  2523190.94   7668228.67
  2516649.51   7679744.93
> Pen up flag, same line
  2538679.53   7676047.10
  2533657.55   7684476.40
  2523042.75   7700255.98
  2515399.62   7713179.47
  2508706.92   7721970.21
  2500190.49   7736519.23
  2494670.95   7747398.20
  2488575.66   7757214.16
  2484181.90   7765395.20
>  099    2 BAJA CALIFORNIA, SAN ANDREAS FAULT                                    
 -3337759.31   3816439.35
 -3376821.09   3922502.24
 -3356387.23   3839941.40
 -3338991.80   3764977.49
 -3307414.42   3677778.60
 -3312073.84   3669630.46
> Pen up flag, same line
 -3312073.84   3669630.46
 -3312078.73   3669618.97
 -3311239.76   3666998.05
 -3309967.69   3664628.08
 -3308632.26   3661893.56
 -3307208.96   3658594.84
 -3305289.35   3655183.02
 -3302979.74   3650891.67
 -3301326.18   3647610.45
 -3299418.49   3644413.72
 -3297881.21   3640847.19
 -3295618.86   3637195.20
 -3293554.82   3632804.89
 -3291808.48   3627645.63
 -3290292.37   3622963.63
 -3289131.60   3620024.36
 -3287059.09   3615884.94
 -3285557.75   3612713.32
 -3283176.31   3609570.06
 -3280692.70   3603261.62
 -3278694.02   3599178.26
 -3275843.39   3594263.02
 -3273768.49   3591406.04
 -3271897.85   3588311.98
 -3270253.09   3585191.31
 -3268293.18   3581513.59
 -3265934.59   3576950.41
 -3264852.75   3574293.58
 -3263398.95   3571218.02
 -3261978.07   3567258.17
 -3260273.91   3563990.58
 -3259181.76   3560543.39
 -3258353.00   3556439.80
 -3257279.25   3554008.41
 -3256055.00   3550337.85
 -3255195.54   3546293.29
 -3254017.08   3542497.11
 -3253079.20   3539174.13
 -3251753.07   3534384.92
 -3250946.14   3531264.54
 -3249421.92   3527497.36
 -3247545.02   3522708.95
 -3246336.26   3518951.60
 -3244902.96   3515480.93
 -3244000.86   3512303.01
 -3243275.47   3508675.28
 -3242364.95   3505509.65
 -3240856.69   3501935.26
 -3239170.26   3498532.65
 -3237830.88   3495068.62
 -3236756.75   3491750.63
 -3236129.14   3489769.77
 -3235012.42   3487103.85
 -3233479.35   3483289.22
 -3231787.50   3479321.19
 -3230945.65   3475940.83
 -3230159.61   3472689.95
 -3229174.08   3469668.58
 -3227834.02   3466164.11
 -3226299.11   3462598.83
 -3225311.92   3460126.16
 -3224578.87   3457832.76
 -3222921.79   3454011.60
 -3221782.60   3451363.38
 -3220520.80   3448469.43
 -3219203.37   3445435.66
 -3218256.65   3442559.42
 -3217256.50   3438694.05
 -3217011.81   3434828.44
 -3217104.44   3431770.29
 -3217092.58   3429827.36
 -3216690.43   3428053.49
 -3215600.74   3425246.69
 -3214325.09   3422356.52
 -3212789.31   3419010.08
 -3211698.32   3416763.28
 -3210685.80   3414308.56
 -3209149.29   3410952.66
 -3207659.06   3406330.79
 -3206931.51   3402543.77
 -3206214.18   3400152.45
 -3205112.59   3397629.51
 -3203625.35   3394405.68
 -3202398.58   3391347.92
 -3201605.63   3387422.97
 -3200752.30   3383939.59
 -3200002.90   3381038.70
 -3198782.66   3377657.67
 -3197771.30   3374581.13
 -3196823.91   3371040.66
 -3195588.92   3367684.56
 -3193820.81   3363430.79
 -3192053.71   3359457.15
 -3190672.37   3355022.17
 -3189050.26   3350935.39
 -3187691.12   3347884.85
 -3186034.36   3344171.61
 -3183983.27   3339761.00
 -3182739.90   3336969.01
 -3181554.94   3334015.22
 -3180299.99   3330365.05
 -3178591.10   3326470.68
 -3176853.25   3323239.19
 -3175395.27   3320717.33
 -3172649.68   3315791.91
 -3171077.90   3313573.78
 -3169597.54   3310509.16
 -3168081.61   3307538.19
 -3165675.27   3304034.80
 -3162997.01   3301275.92
 -3160054.48   3298646.81
 -3156119.58   3296068.22
 -3152995.07   3293641.08
 -3149944.28   3291308.47
 -3147116.61   3289556.45
 -3143918.08   3287934.91
 -3140640.34   3286234.41
 -3138144.20   3283860.12
 -3136092.27   3281751.24
 -3134597.49   3280196.05
 -3133855.57   3278949.65
> Pen up flag, same line
 -3133041.26   3279718.60
 -3132787.29   3279523.24
 -3130053.25   3278416.70
 -3127510.06   3277078.60
 -3124907.43   3275302.30
 -3121720.86   3273045.69
 -3119112.95   3271283.96
 -3116220.27   3269109.52
 -3113280.27   3266763.74
 -3111249.05   3265197.69
 -3107828.62   3262686.17
 -3106109.82   3261454.50
 -3104191.08   3260179.22
 -3101465.33   3258138.91
 -3099977.85   3256860.68
 -3098173.92   3254951.02
 -3096300.19   3253239.33
 -3093971.24   3251291.24
 -3091267.90   3248875.41
 -3088647.13   3246529.41
 -3087563.18   3245631.15
 -3085131.56   3243665.72
 -3082979.63   3241513.01
 -3080946.01   3239636.72
 -3078695.84   3237764.45
 -3076281.39   3235745.69
 -3073647.06   3233120.07
 -3071318.70   3231160.28
 -3068482.15   3228806.12
 -3066196.12   3226721.35
 -3063253.15   3223737.97
 -3060012.10   3220369.89
 -3057496.93   3217383.05
 -3054079.47   3213895.92
 -3050940.87   3210843.97
 -3048402.87   3208542.78
 -3045995.37   3206171.29
 -3043371.05   3203805.53
 -3041494.48   3201759.69
 -3039552.42   3199589.41
 -3037964.35   3197320.39
 -3034933.23   3193932.33
 -3032927.58   3192261.51
 -3029434.39   3188968.10
 -3027137.28   3186569.98
 -3025135.32   3184246.67
 -3023027.42   3182237.46
 -3020730.23   3180153.31
 -3018728.55   3178143.53
 -3016872.58   3176016.03
 -3014853.80   3174054.45
 -3013211.48   3172245.10
 -3011591.50   3170688.73
 -3010540.85   3169348.00
 -3009462.89   3168088.72
 -3008188.24   3166777.46
 -3007964.83   3166484.54
> Pen up flag, same line
 -3008349.91   3166612.27
 -3007818.32   3165959.71
 -3005336.68   3163129.89
 -3003334.54   3160139.04
 -3001559.07   3157751.97
 -2999281.63   3155264.93
 -2996982.93   3152515.51
 -2994879.33   3149819.16
 -2992256.75   3146748.71
 -2990247.97   3144408.01
 -2987360.47   3142140.71
 -2984568.65   3139252.25
 -2981699.62   3136597.52
 -2979279.77   3134527.14
 -2977119.89   3132311.98
 -2974675.77   3130313.56
 -2972382.56   3128506.44
 -2968998.24   3126117.05
 -2965970.68   3123282.06
 -2963360.69   3120801.72
 -2961233.16   3117813.24
 -2960314.98   3115036.08
 -2959759.40   3112785.41
 -2958957.70   3110635.23
 -2957422.99   3108774.90
 -2955344.99   3106946.02
 -2951873.42   3105810.17
 -2949450.24   3105061.69
 -2945927.44   3104091.05
 -2942518.82   3102430.66
 -2939670.44   3100682.30
 -2936754.40   3098812.01
 -2934168.10   3096907.64
 -2930276.91   3093750.63
 -2927461.70   3090885.81
 -2924263.59   3088221.16
 -2920866.86   3084834.46
 -2918298.24   3081850.84
 -2915895.92   3079010.53
 -2912991.28   3075735.24
 -2910250.00   3072272.00
 -2907083.16   3068806.03
 -2904879.28   3064968.86
 -2902869.58   3061867.51
 -2900682.28   3057620.74
 -2899256.72   3054335.55
 -2898272.30   3052711.13
 -2897783.49   3051887.44
 -2897261.98   3050825.30
 -2895898.40   3048361.59
 -2894512.97   3046310.78
 -2893385.63   3044454.27
 -2893035.30   3043522.03
 -2892187.30   3043172.66
 -2890915.60   3041437.78
 -2889223.56   3038649.07
 -2888498.25   3036512.51
 -2887701.28   3034607.99
 -2887518.65   3033816.96
 -2888020.56   3031828.33
 -2887217.13   3029593.04
 -2885861.63   3027772.73
 -2885611.01   3027202.13
 -2883976.91   3023156.99
 -2882160.97   3020400.81
 -2881057.96   3018090.32
 -2879587.38   3015238.65
 -2878257.52   3013671.10
 -2876789.77   3011505.59
 -2875372.86   3009520.79
 -2873496.76   3007296.96
 -2872720.34   3006000.23
 -2872626.42   3003847.11
> 20 8    1 GULF OF CALIFORNIA PLATE BOUNDARY            
 -2872626.42   3003847.11
 -2866782.52   2992205.15
 -2864507.75   2988100.34
 -2876299.04   2981013.15
 -2880146.32   2979535.59
 -2871184.67   2965357.96
 -2865541.24   2953532.36
 -2875757.77   2945999.97
 -2864659.36   2921772.32
 -2851427.20   2893186.49
 -2866292.58   2885707.83
 -2848411.26   2857544.94
 -2824744.70   2820634.33
 -2807029.57   2789340.61
 -2794322.88   2762699.32
 -2786070.97   2742983.48
 -2780498.67   2728655.91
 -2806664.76   2715312.75
 -2820714.21   2706979.94
 -2812833.39   2681703.76
 -2802411.86   2650182.40
 -2793090.23   2626816.91
 -2780946.83   2599019.98
 -2810343.83   2582467.56
 -2801222.39   2563073.86
 -2790134.02   2541825.57
 -2804542.10   2532353.89
 -2817164.88   2525336.19
 -2803269.54   2496162.27
 -2784178.74   2462420.68
 -2765104.20   2433418.85
 -2772716.58   2427973.33
 -2753271.84   2394430.23
 -2730737.10   2362316.09
 -2712389.99   2336549.69
 -2689824.62   2307383.47
 -2663822.98   2274554.50
 -2637515.77   2243020.02
 -2619361.95   2224241.97
 -2608418.60   2212811.35
 -2634577.30   2183928.82
 -2616982.44   2166939.70
 -2634942.48   2149131.47
 -2610817.51   2119285.24
 -2586773.12   2091777.82
 -2568851.06   2073751.91
 -2561520.12   2065530.22
 -2575301.19   2051913.59
 -2557030.01   2028952.41
 -2531276.26   2003086.32
 -2507110.50   1976474.03
 -2493093.79   1961944.49
 -2487196.68   1954813.05
 -2513134.46   1933453.35
 -2493339.35   1910426.27
 -2475791.07   1887945.46
 -2453417.14   1864586.10
 -2437650.43   1847610.15
 -2426759.48   1836492.97
 -2454673.52   1809917.46
 -2430547.58   1776583.01
 -2412515.80   1753545.39
 -2394965.85   1730543.03
 -2379263.75   1711427.61
 -2371536.34   1702730.54
 -2409780.18   1664767.04
 -2384394.26   1641816.14
 -2366108.44   1628292.18
 -2355783.80   1620213.92
 -2410549.35   1526244.44
 -2403600.31   1520734.67
 -2457741.61   1435860.11
 -2448835.04   1433320.67
> 9318    4 SATL RIDGE CANDE (1988) PICKS                                         
 12123732.97  -3248858.72
 12086249.91  -3510005.01
 11294867.97  -3489525.66
 11271488.02  -3838915.41
 11323385.49  -3843246.24
 11283566.38  -4122093.66
 11211582.63  -4112738.56
 11177180.94  -4279468.19
 11133200.79  -4270645.63
 11012507.60  -4772328.24
 10439636.94  -4653552.49
 10406824.56  -4785011.67
 10419430.64  -4784655.38
 10396596.04  -4882636.67
 10464473.26  -4893537.77
 10416224.30  -5078778.98
 10361327.11  -5066509.64
 10261120.75  -5322076.03
 10486886.49  -5396839.16
 10335118.96  -5866112.74
 10292302.28  -5848767.13
 10241610.01  -5995766.53
  9964323.54  -5882073.87
  9924134.27  -5967731.87
  9894111.82  -5951028.00
  9755700.94  -6265137.11
 10031436.38  -6406118.80
  9894256.11  -6656132.20
  9960196.15  -6697466.45
  9780323.75  -6981889.33
  9863134.42  -7019281.57
  9792282.02  -7127322.86
  9764757.26  -7108628.78
  9630414.04  -7314950.85
  9577400.78  -7276711.47
  9501609.22  -7403172.00
  9480649.62  -7388910.94
  9421608.92  -7482675.27
  9181314.82  -7320256.68
  9143533.00  -7373701.94
  8937420.43  -7235865.29
  8829523.23  -7381577.85
  8851759.43  -7394113.95
  8656124.66  -7640091.08
  8552434.16  -7564054.59
  8428790.15  -7700759.26
  8356433.09  -7648383.00
  8230129.61  -7804636.57
  8251025.17  -7823897.31
  7967640.11  -8117351.48
  8054608.43  -8196997.64
  7936274.89  -8316794.34
  7705468.12  -8106282.38
  7611239.12  -8201329.93
  7627914.80  -8214499.68
  7415448.79  -8409461.55
  7398173.33  -8391310.82
  7243094.39  -8524430.38
  7073457.47  -8350982.23
  6911948.84  -8467240.79
  6868919.51  -8423832.48
  6784964.56  -8503416.05
  6687119.10  -8410666.96
  6542435.61  -8517559.94
  6240870.10  -8191408.63
  5858154.87  -8513516.80
  5896543.64  -8557202.21
  5756029.16  -8677917.01
  5752740.47  -8673632.28
  5716312.79  -8706020.48
  5702626.39  -8689390.85
  5651322.63  -8730625.86
  5616547.15  -8686610.71
  5197702.73  -8962944.55
  5158277.85  -8990606.56
  4937594.25  -9163846.29
  4980228.77  -9226283.70
  4912402.17  -9273336.58
  4961496.54  -9357790.45
  4727017.32  -9492092.12
  4869846.20  -9746105.12
  4588965.12  -9893965.37
  4650590.61 -10031376.41
  4606272.86 -10050523.92
  4609629.71 -10056235.75
  4502558.38 -10105043.60
  4513421.89 -10123286.60
  4432267.29 -10161427.68
  4500146.71 -10329493.51
  4251261.69 -10435978.45
  4260044.81 -10459349.24
  3950715.97 -10609847.99
  3979388.39 -10680075.12
  3872754.42 -10754864.69
> 9388    5 N TRANSFORM FAULT, SCOTIA SEA                                         
   620327.42  -6958819.16
   673111.78  -7014665.69
   727936.18  -7062924.40
   812411.54  -7127674.92
   883797.42  -7176846.93
   958154.76  -7214949.27
  1046883.36  -7259000.24
  1119793.81  -7294574.77
  1244811.48  -7339877.43
  1339521.97  -7368063.30
  1406268.83  -7391208.69
  1499823.13  -7414674.86
  1560769.60  -7429303.72
  1632418.10  -7449529.88
  1724157.87  -7471431.76
  1835272.39  -7492980.25
  1943251.97  -7520600.00
  2036860.87  -7536950.44
  2119333.60  -7560104.83
  2220434.48  -7584904.14
  2290851.47  -7607099.11
  2364452.16  -7634788.01
  2430277.65  -7670477.64
  2496602.72  -7707530.57
  2555190.72  -7749364.68
  2635230.84  -7815764.88
  2705223.32  -7869128.44
  2764385.55  -7925944.01
  2820404.80  -7975275.46
  2886488.22  -8041902.20
  2947180.08  -8112630.78
  2987166.94  -8171778.00
  3012158.90  -8237890.69
  3015345.03  -8287346.30
  3014890.72  -8354388.77
  3011497.53  -8422002.39
  3024013.92  -8484420.70
  3064725.79  -8570357.97
  3108678.70  -8650516.70
  3171327.00  -8742595.36
  3210001.09  -8807869.26
  3248114.41  -8869859.29
  3284897.93  -8938778.07
  3306014.21  -8999321.70
  3311179.84  -9049205.45
> 9388    6 S TRANSFORM FAULT, SCOTIA SEA                                         
  1504552.99  -8307325.10
  1556616.79  -8334987.78
  1624210.61  -8373664.95
  1698974.93  -8322633.10
  1758408.47  -8357369.36
  1836915.85  -8402733.36
  1914312.36  -8453074.68
  1978018.03  -8500447.09
  2049175.24  -8562104.17
  2114447.15  -8624035.55
  2193255.21  -8704547.61
  2244708.73  -8768736.69
  2301980.00  -8840109.04
  2362870.31  -8917622.18
  2398737.26  -8966336.75
  2426825.09  -9008419.48
  2549180.37  -8989920.60
  2592102.86  -9059908.57
  2637492.58  -9133376.78
  2684391.63  -9208346.35
  2724889.17  -9271562.48
  2753348.44  -9329277.91
> 9388    7 S SANDWICH TRENCH                                                     
  3310376.28  -9048599.62
  3296819.52  -9116298.51
  3248183.85  -9204546.03
  3165857.62  -9289631.14
  3091723.16  -9335048.43
  3007190.28  -9363519.05
  2919104.53  -9371421.41
  2840668.16  -9362301.95
  2797259.59  -9348246.83
  2761837.46  -9341781.93
  2752513.18  -9334352.73
> 96 8    8 SOUTH AMERICA AND MID. AMER. TRENCH                                   
  -709350.54    370091.36
  -692180.68    357542.05
  -576651.07    299028.52
  -511650.75    271577.05
  -446561.50    244300.41
  -368312.01    214885.30
  -282357.09    172391.36
  -199496.64    108043.07
  -113015.97     28437.77
   -73465.55    -13508.85
   -75672.17     -7985.20
   -15183.79    -46509.10
    28880.66    -72867.58
    76265.58    -91424.76
   122678.78   -121010.15
   172624.33   -170463.46
   244611.37   -200883.88
   289997.15   -210436.67
> Pen up flag, same line
   289997.15   -210436.67
   739630.63   -297693.85
   787408.77   -348265.51
   826417.60   -405768.04
   846387.01   -463646.49
   841604.95   -520799.09
   820907.82   -569180.95
   795625.48   -615321.97
   767983.65   -655836.74
   738045.55   -695194.97
   700237.68   -736780.88
   673599.40   -777104.71
   651300.83   -797298.65
   620221.75   -857606.09
   590153.40   -905589.93
   564525.79   -953506.52
   541085.91   -991366.20
   524350.47  -1041416.88
   508696.11  -1076991.18
   491907.49  -1110324.37
   482927.31  -1150313.34
   475048.16  -1186960.70
   460438.83  -1225805.47
   453668.44  -1252440.84
   446844.90  -1293505.14
   446639.67  -1350131.37
   449836.00  -1385676.94
   455155.88  -1437894.76
   433963.94  -1435561.27
   414740.56  -1483186.14
   403279.81  -1535276.42
   398499.93  -1584069.94
   398227.78  -1621795.85
   399231.28  -1636229.03
> 9688    9 PERU-CHILE TRENCH                                                     
   399231.28  -1636229.03
   399188.84  -1665579.63
   403119.17  -1711111.45
   407422.33  -1741647.77
   418986.48  -1804729.15
   431703.33  -1849007.47
   447207.39  -1888998.18
   461667.62  -1928211.04
   478990.57  -1958330.88
   503802.83  -2026782.57
   526206.21  -2079496.53
   550311.88  -2130450.29
   570684.30  -2160886.75
   587065.83  -2192244.04
   607600.31  -2234547.01
   635350.86  -2288113.62
   659936.26  -2332528.09
   683083.54  -2370877.06
   727046.54  -2441812.07
   747110.76  -2475079.34
   775718.59  -2513899.79
   801222.21  -2559666.99
   849388.02  -2624850.67
   903100.10  -2694368.45
   945142.99  -2738490.86
   978836.47  -2771574.84
  1009868.19  -2805843.63
  1068918.12  -2874404.04
  1086915.61  -2891882.88
  1149967.91  -2952263.08
  1212145.67  -2998659.99
  1267403.44  -3048368.69
  1330566.32  -3109416.54
  1391706.37  -3169640.81
  1436001.23  -3238972.00
  1452350.51  -3262850.04
  1493063.78  -3345491.17
  1503645.46  -3440811.04
  1498425.01  -3514405.27
  1492202.20  -3578961.37
  1480584.21  -3648792.66
  1468479.54  -3708467.22
  1453855.41  -3785280.39
  1439770.79  -3851811.20
  1430417.37  -3901489.57
  1407799.29  -4001900.51
  1391021.69  -4083708.84
  1376685.15  -4142635.84
  1359046.89  -4195655.40
  1326647.34  -4267744.55
  1292561.25  -4352218.03
  1275510.35  -4410123.14
  1267011.50  -4444102.34
  1253443.58  -4490739.60
  1234670.69  -4569976.03
  1222519.87  -4635962.73
  1207020.54  -4711091.65
  1199267.62  -4748302.18
  1191190.66  -4782894.55
  1167720.54  -4842729.14
  1132210.77  -4911363.05
  1097944.76  -4964862.05
  1077116.23  -4990963.38
  1049442.58  -5041560.46
  1032443.60  -5080486.82
  1007493.11  -5125555.76
   985883.07  -5167222.17
   961567.16  -5226902.27
   940441.76  -5290246.10
   927295.50  -5334557.63
   903906.85  -5406668.69
   891941.69  -5447388.08
   873600.06  -5496701.65
   862529.88  -5540225.14
   861009.07  -5570804.84
   861647.95  -5579275.08
   861669.00  -5582068.83
   869604.05  -5581371.30
   831656.82  -5706628.20
   796954.90  -5841301.75
   754390.69  -5974787.44
   721311.10  -6084588.11
   721800.50  -6172981.19
   730901.86  -6241700.06
   698736.51  -6319768.95
   663262.36  -6416657.94
   631051.75  -6524000.72
   609796.80  -6620354.74
   602920.00  -6712986.70
   603880.94  -6804647.86
   598915.14  -6940937.65
   616637.71  -7039707.27
   633205.66  -7114011.64
   676000.60  -7244609.68
   722728.48  -7340520.02
   786420.13  -7415991.90
   867775.30  -7476785.73
   965566.11  -7542236.88
  1071424.92  -7628694.85
> 20 4   10  CAYMAN TROUGH, SWANN FAULT                                           
  -185743.38    707437.41
  -175049.28    711851.17
  -163290.08    719588.34
  -149403.04    727332.60
  -136591.39    732872.35
  -124855.47    739524.31
  -106728.84    748409.56
   -92870.08    752872.12
   -82220.76    758438.56
   -72638.77    762899.96
   -65193.06    767356.44
   -53486.33    771836.28
   -44981.69    776305.54
   -35408.45    779678.20
   -25817.21    779736.06
   -16218.26    778691.81
   -11947.40    777614.35
    -5544.16    776552.98
    -2338.17    775469.75
      868.19    774386.97
     3000.36    774403.07
     3000.36    774403.07
     5132.54    774419.38
    12595.32    774478.18
    17916.82    775628.40
    26426.41    777914.30
    36000.44    780213.58
    42375.21    782486.78
    50869.39    785889.88
    59361.16    789296.70
    67862.45    791600.40
    73165.85    793872.26
    79533.64    796157.66
    86965.56    798457.64
    91213.68    799615.05
    94396.19    800760.47
    96526.70    800786.35
    97591.96    800799.37
   101825.51    803066.16
   109239.31    806481.86
   115600.64    808779.30
   124090.67    811107.74
   132579.29    813439.92
   142131.35    815791.27
   149552.38    818115.57
   156972.16    820442.80
   163326.04    822756.35
   167567.17    823930.73
   170761.05    823981.44
   172872.56    825123.15
   173937.16    825140.28
   174983.86    826265.12
   178177.57    826317.04
   184509.87    829745.55
   190840.30    833176.39
   197168.88    836609.56
   202451.05    838918.39
   207732.25    841228.79
   210924.53    841286.24
   214096.70    842452.18
   217268.59    843618.68
   220440.21    844785.75
   222568.27    844825.39
   223611.55    845953.38
   223611.55    845953.38
   227867.59    846033.59
   231038.54    847202.49
   236337.18    848413.11
   240549.76    850712.60
   245825.36    853034.30
   251122.37    854249.26
   254268.83    856530.71
   256396.36    856574.15
   259587.73    856639.71
   262733.11    858922.76
   270155.94    860187.62
   277554.55    862564.05
   286015.66    864966.96
   294500.46    866265.03
   306150.71    868749.20
   313570.94    870031.42
   318889.74    870156.87
   324182.24    871392.91
   328410.64    872604.70
   334793.55    872760.33
   339021.60    873974.58
   340085.45    874000.96
   340057.90    875110.33
   345377.05    875243.13
   349604.51    876459.89
   355987.85    876622.58
   362342.84    877896.98
   365505.73    879089.85
   368668.36    880283.33
   372894.64    881505.62
   376056.74    882700.47
   378184.53    882757.47
   380282.46    883924.58
   384507.90    885149.71
   387699.57    885236.74
   390860.82    886434.32
   390891.37    885324.29
   394083.29    885412.36
   396180.46    886581.46
   399372.41    886670.43
   402533.26    887870.11
   404661.26    887930.08
   406789.32    887990.28
> Pen up flag, same line
   377917.38   1007154.03
   381088.62   1007245.15
   384259.97   1007336.82
   388488.64   1007459.88
   391627.64   1008662.93
   394799.21   1008756.44
   397970.90   1008850.51
> Pen up flag, same line
   314907.01    989917.25
   318022.66    992215.40
   322222.92    993431.94
   328537.04    994704.08
   334850.82    995978.52
   341134.80    998364.73
   347447.52    999643.87
   352702.83   1000896.53
   357957.82   1002150.81
   363212.46   1003406.74
   370549.62   1005833.68
   375834.94   1005983.68
   377917.38   1007154.03
> Pen up flag, same line
   228659.18    967996.03
   234981.27    969234.03
   240222.32    971560.48
   247576.95    973933.61
   254954.39    975201.44
   262306.90    977580.89
   267568.56    978807.33
   275976.29    981216.43
   283325.47    983605.01
   290699.69    984887.95
   296989.66    987257.42
   303305.58    988520.31
   308564.00    989759.30
   312792.63    989864.36
   314907.01    989917.25
   203429.48    959742.40
   206581.43    960910.58
   210812.04    960991.64
   216057.17    963310.51
   220265.68    964501.92
   223416.30    965673.19
   226566.62    966845.05
   227624.13    966866.39
> Pen up flag, same line
   155073.79    941164.69
   159270.54    943448.94
   165582.59    945769.65
   169796.23    946948.82
   177145.10    950399.50
   182415.34    951600.18
   188723.07    953929.33
   192914.05    956221.99
   198182.42    957427.42
   202371.81    959722.47
> Pen up flag, same line
    82343.73    917978.84
    84448.03    919112.05
    91832.56    921419.62
   103436.09    924893.71
   110817.07    927209.01
   120313.90    929557.52
   129792.66    933018.37
   136110.30    935328.43
   143485.07    937657.21
   149800.18    939972.19
   152957.27    941130.54
   155055.85    942272.28
> Pen up flag, same line
   -22244.67    883775.08
   -16958.68    886025.06
    -8501.73    889406.80
     2081.37    891702.71
    14763.03    896236.24
    25330.56    899651.85
    35884.04    904180.26
    42218.53    906457.51
    50670.37    908759.30
    57014.25    909934.71
    64404.31    912231.17
    69687.57    913398.89
    73898.11    915662.57
    79180.16    916833.02
    82343.73    917978.84
> Pen up flag, same line
   -98515.35    861274.06
   -95338.25    863496.41
   -85799.21    866847.50
   -76258.69    869096.84
   -67780.97    871346.00
   -59304.99    873598.84
   -50830.75    875855.36
   -43418.77    878109.46
   -34947.86    880372.92
   -30713.04    881506.04
   -26478.65    882640.10
   -23305.00    883767.89
> 21 4   11  CAYMAN TROUGH, SOUTH ORIENTE FAULT                                   
   430103.28    891999.43
   427974.95    891936.60
   425846.67    891874.01
   423718.46    891811.65
   420526.25    891718.54
   417366.28    890515.54
   415238.18    890454.13
   413110.14    890392.95
   412077.93    889252.12
   411013.88    889221.69
   463990.66    898591.41
   461861.96    898524.73
   458669.03    898425.15
   455510.61    897215.13
   451253.53    897083.92
   447030.57    895842.81
   443837.92    895745.75
   439614.69    894506.43
   435391.21    893268.15
   432231.67    892062.48
   430103.28    891999.43
   528560.21    911857.76
   526430.74    911783.65
   521145.68    910487.38
   517989.79    909265.62
   514795.75    909156.40
   511601.85    909047.70
   506316.47    907755.94
   498938.75    905283.23
   493652.66    903995.43
   488402.65    901597.78
   484180.39    900347.79
   478857.57    900175.95
   473535.15    900005.56
   470341.88    899904.01
   467183.82    898691.86
   465055.03    898624.83
   575908.48    929168.69
   573820.83    927975.85
   571732.99    926783.32
   569603.54    926703.95
   566450.72    925472.54
   563297.67    924241.78
   559120.40    921859.99
   554901.91    920592.03
   546504.15    916946.93
   540155.15    915606.56
   534870.74    914305.98
   530650.86    913044.28
   528560.21    911857.76
> Pen up flag, same line
   615803.85    945210.25
   613719.04    944011.66
   611634.05    942813.37
   608484.19    941573.33
   604269.46    940292.11
   597968.61    937815.68
   592731.52    935382.90
   589580.31    934146.77
   585364.19    932870.65
   581190.02    930482.58
   578037.90    929248.85
   574843.80    929128.70
   574885.56    928015.76
> Pen up flag, same line
   683920.82    973747.28
   678647.65    972398.48
   675503.12    971144.08
   671293.96    969844.20
   665003.79    967339.18
   661858.38    966087.68
   656583.97    964746.32
   651356.39    962292.30
   648210.09    961043.67
   641916.80    958548.43
   636641.06    957213.81
   633539.61    954854.22
   628308.53    952408.55
   625205.60    950050.96
   622057.07    948807.96
   617888.45    946409.17
   615803.85    945210.25
> Pen up flag, same line
   812571.10   1006755.50
   808251.31   1007653.80
   801858.90   1007326.33
   796475.80   1008172.63
   790085.33   1007849.11
   783751.68   1006410.64
   777362.49   1006091.74
   768954.90   1003436.31
   757406.82    999513.64
   750115.64    995804.16
   746975.02    994534.57
   740693.13    991997.47
   731216.34    989313.03
   726957.93    989113.75
   722803.50    986683.75
   717532.22    985321.75
   712311.89    982845.88
   708104.55    981535.92
   701818.35    979015.45
   697610.38    977708.43
   692387.42    975239.85
   688178.79    973935.48
   686099.03    972726.18
   683969.96    972632.25
> Pen up flag, same line
   825535.70   1004065.36
   823345.25   1005072.29
   817957.56   1005913.24
   813636.74   1006810.53
   813636.74   1006810.53
> Pen up flag, same line
   866663.91   1128627.78
   860369.40   1127142.00
   849836.20   1125417.42
   840489.28   1121522.57
   832137.68   1118811.56
   824844.80   1116163.97
   816491.54   1113462.30
   806018.62   1110650.99
   800781.96   1109248.13
   797604.02   1109077.78
   795545.16   1107847.13
> Pen up flag, same line
   794545.42   1106673.23
   787189.61   1105162.49
   779892.43   1102538.18
   769416.81   1099753.08
   762060.62   1098254.55
   751584.27   1095481.86
   743225.10   1092822.49
   731743.59   1088894.71
   721264.49   1086143.47
   711843.47   1083450.45
   701362.93   1080713.04
   691887.95   1079147.68
   679238.13   1077440.78
   670822.63   1075936.60
   666589.59   1075743.49
   666640.30   1074628.81
   659283.00   1073178.92
   651975.41   1070618.02
   634134.23   1066482.85
   626776.16   1065048.10
   614175.75   1062278.14
   604701.80   1060763.95
   597343.61   1059342.57
   593112.74   1059168.02
   593112.74   1059168.02
   588927.68   1057881.25
   582672.16   1055396.70
   575313.31   1053985.43
   569011.99   1052619.41
   561652.94   1051214.30
   556408.82   1049894.76
   552221.96   1048617.87
   549049.48   1048495.33
   549049.48   1048495.33
   544819.76   1048332.81
   540632.65   1047058.92
   537460.55   1046938.47
   533273.18   1045666.50
   526929.43   1045428.88
   523799.04   1044198.81
   518512.97   1044003.51
   506925.24   1042467.44
   502737.05   1041203.34
   498548.57   1039940.36
   494320.45   1039790.11
   494359.81   1038678.50
   488056.67   1037343.56
   482848.91   1034936.27
   476583.04   1032494.52
   470353.82   1028944.12
   463028.13   1026472.19
   457778.99   1025184.80
   453623.41   1022822.91
   448445.82   1019316.82
   444252.21   1018068.56
   441115.75   1016855.39
   440058.31   1016821.40
   435864.11   1015575.33
   432727.07   1014363.83
   427474.82   1013086.48
   422187.76   1012921.32
   417958.36   1012790.28
   414820.54   1011582.21
   414820.54   1011582.21
   412705.88   1011517.45
   409534.00   1011420.76
   405338.51   1010182.40
   403223.97   1010118.75
   400085.43   1008913.52
   397970.90   1008850.51
> 21 4   12 CAYMAN TROUGH MAGNETIC RIDGE AXIS                                     
   397970.90   1008850.51
   408885.83    889160.99
> 2010   13 PUERTO RICO TROUGH SPREADING CENTER                                   
  1808209.45   1069972.96
> Pen up flag, same line
  1806615.70   1063974.64
  1807099.99   1059361.35
> Pen up flag, same line
  1805501.51   1053364.24
  1806343.39   1045290.84
> Pen up flag, same line
  1805721.12   1040562.78
  1805216.67   1034681.65
> Pen up flag, same line
  1805335.98   1033528.25
  1804828.89   1027647.42
> Pen up flag, same line
  1802350.22   1019233.73
  1802704.64   1015773.69
  1802704.64   1015773.69
> Pen up flag, same line
  1801955.03   1012200.82
  1802543.20   1006433.95
> Pen up flag, same line
  1802778.03   1004127.12
  1802142.70    999401.24
> 2010   14 APPPROX BOUNDARY OF LESSER ANTILLES TRENCH                            
  2814630.32    253299.95
  2852458.00    266740.78
  2889150.20    292586.79
  2912711.73    314796.70
> Pen up flag, same line
  2933380.57    352997.08
  2954582.79    385151.79
  2966645.67    410178.29
> Pen up flag, same line
  2973104.65    440888.49
  2980130.89    476708.26
> Pen up flag, same line
  2984704.46    501020.84
  2986172.73    519978.53
> Pen up flag, same line
  2985513.47    546206.71
  2983896.05    579840.32
> Pen up flag, same line
  2987658.56    599104.32
  2986636.19    636591.79
> Pen up flag, same line
  2986052.00    660346.39
  2981240.41    697349.97
> Pen up flag, same line
  2975296.90    732935.43
  2966178.44    764308.55
> Pen up flag, same line
  2959226.93    797203.99
  2946072.76    830459.02
> Pen up flag, same line
  2934238.10    862600.53
  2920995.04    895747.58
> Pen up flag, same line
  2903693.51    923250.54
  2883309.61    955238.99
> Pen up flag, same line
  2864016.48    979832.98
  2839501.59   1007328.11
> Pen up flag, same line
  2814406.60   1030932.67
  2788197.59   1054307.29
> Pen up flag, same line
  2759295.63   1072256.40
  2729680.88   1087580.57
> Pen up flag, same line
  2693466.14   1108043.26
  2658348.05   1129845.24
> Pen up flag, same line
  2625039.60   1148176.52
  2590876.60   1165111.74
> Pen up flag, same line
  2573267.10   1173486.98
  2554190.25   1184078.54
> 2010   15 EASTERN HALF, PUERTO RICAN TRENCH                                     
  2554190.25   1184078.54
  2505753.24   1204907.07
  2449460.20   1225746.60
  2404190.05   1236070.76
  2354439.37   1246978.21
  2317419.14   1250107.78
  2272028.44   1256905.14
  2228858.93   1265257.47
  2199631.40   1271979.31
  2185518.05   1276010.85
  2143438.88   1270294.54
  2092916.82   1261203.14
  2039340.11   1250710.80
  1981902.88   1236402.31
  1937723.38   1223937.94
  1894546.79   1212918.64
  1857849.77   1203956.01
  1836364.27   1197985.69
> 9388   16 S SANDWICH SPREADING CENTER                                           
  3172290.81  -8773970.87
  3096254.84  -8820856.11
  3035954.76  -8858025.45
  3038384.62  -8886235.11
  2962693.04  -8930959.00
  2972524.11  -8962403.70
  2902850.42  -8999561.73
  2909925.92  -9027099.18
  2745755.97  -9118578.65
  2756618.82  -9144172.29
  2681616.61  -9184599.88
> 90 1   17 REYKJANES - NANSEN  RIDGE                                             
  2222525.93   7951584.86
  2197695.77   7972111.84
  2167914.43   7999262.98
  2136083.69   8027724.12
  2109207.61   8055948.34
  2094659.13   8070532.67
  2110090.14   8094167.96
  2088188.51   8113013.46
  2067434.90   8131616.20
  2039554.41   8154791.68
  2011928.97   8178761.75
  1980749.84   8206925.08
  1959864.35   8225530.28
  1967828.66   8234442.46
  1951683.19   8249017.22
  1931020.54   8264915.13
  1922682.77   8273340.87
  1933858.04   8289133.51
  1947260.22   8304743.08
  1969025.68   8324485.80
  1956101.61   8338812.67
  1941573.66   8356226.79
  1924571.81   8373702.56
  1908248.05   8358666.10
  1891820.01   8343866.54
  1878746.77   8357463.94
  1860071.86   8377110.34
  1842364.87   8396160.72
  1870881.00   8426437.19
  1896327.56   8456628.71
  1935416.37   8503200.29
  1951128.22   8521814.23
  1936274.49   8543202.40
  1927549.20   8566515.60
  1922104.33   8582595.28
  1914421.75   8592957.02
  1930097.14   8609408.46
  1944038.51   8623328.09
  1934657.40   8639444.78
  1929159.39   8650359.65
  1941562.86   8663899.16
  1933458.07   8692576.33
  1925348.46   8713562.92
  1916327.44   8738841.17
  1905063.30   8768050.92
  1895251.08   8790268.27
  1884260.63   8815189.74
  1872905.16   8838050.34
  1852783.60   8877217.41
  1839844.92   8905284.94
> Pen up flag, same line
> Pen up flag, same line
> Pen up flag, same line
> Pen up flag, same line
   993874.39   8908061.50
   978250.81   8889973.67
   963598.96   8873127.73
   948766.95   8856920.31
   939654.56   8843257.90
   928036.59   8829052.12
   920125.06   8818993.31
   891850.64   8833168.84
   875861.55   8812079.81
   870286.24   8803869.24
   848950.98   8816654.01
   833917.17   8825228.72
   818226.95   8808307.99
   801980.07   8789751.54
   783004.65   8801221.81
   775751.32   8806793.82
   740547.70   8792227.81
   726047.13   8802497.24
   700490.52   8815966.81
   696232.14   8818301.81
   672345.31   8802281.55
   651406.78   8792587.54
   628103.13   8777219.66
   615977.05   8792681.68
   590375.32   8810958.63
   572288.82   8827902.95
   558076.55   8841502.81
   545716.36   8852928.10
   526794.44   8868713.72
   513970.19   8878517.94
   502241.69   8889890.51
   489186.15   8900562.07
   474837.66   8910941.20
   462566.14   8919021.82
> Pen up flag, same line
> Pen up flag, same line
> Pen up flag, same line
> Pen up flag, same line
> Pen up flag, same line
> Pen up flag, same line
> Pen up flag, same line
> Pen up flag, same line
> Pen up flag, same line
> Pen up flag, same line
> Pen up flag, same line
> Pen up flag, same line
> Pen up flag, same line
> 92 5   18 AZORES SPREADING CENTER AND TRIPLE JUNCTION                           
  4838868.97   5235744.91
  4847844.19   5232999.35
  4851382.76   5235459.51
  4854814.28   5244290.56
  4856338.85   5248952.76
  4857885.47   5257018.33
  4859460.00   5261494.67
  4861865.58   5270063.90
  4862807.10   5274162.40
  4863886.17   5282288.31
  4871625.79   5281590.55
  4884999.56   5280160.77
  4892028.21   5279568.80
  4901739.82   5279245.43
  4907481.95   5277572.14
  4917584.54   5275073.53
  4920897.02   5280404.51
  4924484.44   5290239.66
  4929959.19   5290711.27
  4936810.57   5288892.10
  4942579.29   5287490.38
  4949061.29   5286180.36
  4953697.58   5285488.44
  4964119.76   5284410.41
  4968837.17   5292298.81
  4974593.06   5301670.06
  4977910.09   5308527.05
  4983956.40   5319834.23
  4997432.22   5333220.42
  5009983.18   5333553.41
  5016669.03   5334397.04
  5027826.51   5335699.23
  5034926.99   5336454.57
  5046636.45   5337680.23
  5067291.43   5358748.32
  5078897.17   5354394.97
  5085285.56   5353313.45
  5095409.32   5351574.24
  5103031.94   5350876.76
  5116547.19   5348215.19
  5121657.57   5347582.61
  5134252.70   5346546.47
  5142123.64   5346064.55
  5157212.88   5344598.82
  5150351.68   5368875.35
  5163218.44   5368716.83
  5169951.15   5368199.08
  5184174.80   5368646.25
  5191236.88   5368752.88
  5206342.19   5368480.32
  5212769.38   5368676.50
  5227339.98   5368475.43
  5239286.17   5379511.36
  5255517.29   5380969.39
  5261802.74   5380998.00
  5283330.69   5382862.85
  5287771.32   5396847.85
  5301360.55   5397299.19
  5307535.64   5398018.07
  5320693.51   5397516.78
  5317488.34   5416240.38
  5331772.50   5416479.22
  5338495.90   5416411.75
  5351272.97   5417755.81
  5345700.17   5436704.90
  5374027.31   5440486.25
  5384266.63   5451154.75
  5392817.10   5452439.05
  5399141.05   5454225.94
  5406961.52   5455407.82
  5411502.78   5456283.68
  5419009.68   5456491.48
  5426323.15   5457487.73
  5439059.98   5458459.79
  5442960.75   5449126.51
  5449737.09   5437503.68
  5455652.91   5430771.83
  5472284.49   5428402.84
  5480097.52   5429711.04
  5496439.13   5429318.45
  5506566.86   5430171.44
  5520077.74   5430292.53
  5529521.31   5430600.23
  5544847.92   5430072.57
  5550929.95   5434893.15
  5559255.35   5446159.19
  5564295.04   5453288.99
  5571877.45   5464037.13
  5576098.34   5471322.66
  5583864.82   5483621.26
  5588397.24   5491309.09
  5593904.49   5501448.23
  5600710.35   5512735.19
  5608612.27   5525221.41
  5615678.02   5534406.14
  5622804.08   5546386.99
  5629793.79   5556047.53
  5638245.47   5568167.83
> 91 1   19  PRESENT DAY PLATE BOUNDARY IBERIA/AFRICA  (KLITGORD & SCHOU 1986 DNAG
  5636990.13   5591597.56
  5695442.53   5678107.32
  5736031.49   5736602.93
  5784824.63   5834360.65
  5813133.94   5891177.63
  5841634.81   5953574.46
  5864681.92   6027721.34
  5878315.04   6074999.10
  5905635.38   6142461.69
  5936137.33   6225763.67
  5966334.70   6273379.31
  5997254.09   6321034.26
  6044091.34   6381119.18
  6094058.32   6446146.41
  6154880.87   6500557.74
  6217549.13   6551692.42
  6219300.68   6679965.44
  6356638.37   6765721.00
  6489180.02   6839098.24
  6563526.06   6885857.97
  6498292.13   7195327.93
  6632952.48   7248358.81
  6726782.27   7285624.21
  6817058.50   7316948.02
  6887472.90   7339740.78
  6981617.14   7365299.92
  7079275.27   7399350.14
  7073236.69   7508600.34
  7053045.48   7639122.75
  7030588.21   7746868.38
  7001585.55   7946856.33
  6988814.75   8056288.13
  7135015.95   8151328.68
  7052532.91   8434383.01
  7122583.22   8484900.58
  7028262.66   8800486.18
> 92 7   20 PRE AN13 PLATE BOUNDARY IBR/EUR                                       
  4756122.95   6249166.24
  4859493.23   6297180.47
  4956123.42   6342164.04
  5059164.84   6391049.78
  5164862.58   6441129.80
  5134463.60   6618821.20
  5103965.09   6764734.56
  5070210.18   6928413.08
  5050837.86   7004540.64
  5355601.44   7181448.69
  5366035.28   7268938.11
  5372549.31   7343861.26
  5364098.37   7432768.35
  5350623.30   7517837.26
  5333767.42   7575340.48
  5325574.78   7587203.87
> 70 4    1  RED SEA RIDGE AXIS                                   
> Pen up flag, same line
> Pen up flag, same line
> Pen up flag, same line
> Pen up flag, same line
> Pen up flag, same line
> Pen up flag, same line
> Pen up flag, same line
> Pen up flag, same line
> Pen up flag, same line
> Pen up flag, same line
> Pen up flag, same line
> Pen up flag, same line
> Pen up flag, same line
> Pen up flag, same line
> Pen up flag, same line
> Pen up flag, same line
> Pen up flag, same line
> Pen up flag, same line
> 6621   21 PHILIPPINE TRENCH                                                     
> 9821   22 AYU TROUGH (ACTIVE SPREADING)                                         
> 6721   23 SPREADING CENTER IN N MAKASSAR BASIN                                  
> 6721   24 SPREADING CENTER IN N MAKASSAR BASIN (S)                              
> 6721   25 S MAKASSAR SPREADING CENTER (ACTIVE)                                  
> 60 1   26 YAMATO BASIN SPREADING CENTER                                         
> Pen up flag, same line
> Pen up flag, same line
> 6721   27 NEGROS TRENCH                                                         
> 6721   28 SPREADING CENTER IN N MAKASSAR BASIN (ACTIVE)                         
> 6721   29 SPREADING CENTER IN N MAKASSAR BASIN (S) (ACTIVE)                     
> 6722   30 N SULAWESI TRENCH (ACTIVE)                                            
> 9821   31 SPREADING IN OKINAWA TROUGH                                           
> Pen up flag, same line
> 9821   32 RYUKU TRENCH                                                          
> 9821   33 NANKAI TROUGH                                                         
> 6621   34 TRENCH WEST OF LUZON (MANILA TRENCH) NORTHERN PORTION                 
> 6621   35 TRENCH WEST OF LUZON (MANILA TRENCH) SOURTHERN PORTION                
> 9688   36 COTABATO TRENCH                                                       
> 6722   37 TRENCH IN FLORES BASIN (ACTIVE)                                       
> 6722   38 TRENCH N OF TIMOR (ACTIVE)                                            
> 6622   39 TRENCH W OF TALAUD RIDGE (ACTIVE)                                     
> 6622   40 PHILIPPINE TRENCH (LUZON SECTION ACTIVE)                              
> 6622   41 TRENCH E OF TALAUD RIDGE (ACTIVE)                                     
> 6722   42 SERAM TROUGH (ACTIVE)                                                 
> 6622   43 PHILIPPINE TRENCH (LUZON SECTION ACTIVE)                              
> 6722   44 ANDAMAN BASIN SPREADING CENTER (ACTIVE)                               
> 9821   45 MANUS TR (NE OF NEW GUINEA)                                           
> 9821   46 MUSSAU TR NE OF  NEW GUINEA                                           
> 9821   47 SOROL TROUGH NE OF EAURIPIC RISE, ACTIVE EXTENSION                    
> 9821   48 SOROL TROUGH NE OF EAURIPIC RISE, ACTIVE EXTENSION                    
> 9821   49  SOROL TR NW OF EAURIPIC RISE, ACTIVE EXTENSION                       
> 9821   50 CAROLINE RIDGE(ACTIVE SPREADING)                                      
> 9821   51 BONIN TRENCH                                                          
> 9821   52 TRANSFORM FAULT BET RYUKYU & BONIN TRENCHES                           
> 9821   53 MARINAS TRENCH (INACTIVE) ???                                         
> 8022   54  TRANSFORM FAULT IN BISMARK SEA, NE NEW GUINEA                        
> Pen up flag, same line
> 8022   55 SPREADING CENTER, BISMARK SEA                                         
> 9822   56 TRANSFORM FAULT BET MARIANA SPREADING CENTER AND TRENCH               
> 6621   57 MARIANA TRENCH                                                        
> 9821   58 MARIANA SPREADING (ACTIVE)                                            
> 70 1   59 RIDGE AXIS IN GULF OF ADEN                                            
> Pen up flag, same line
> Pen up flag, same line
> Pen up flag, same line
> Pen up flag, same line
> 9599   60 CENTRAL INDIAN OCEAN RIDGE (INDIAN PLATE)                             
> Pen up flag, same line
> 9599   61 CENTRAL INDIAN OCEAN RIDGE (INDIAN PLATE)                             
> Pen up flag, same line
> 9599   62 CENTRAL INDIAN OCEAN RIDGE (INDIAN PLATE)                             
> 92 1   63 EQUATORIAL ATLANTIC RIDGE (CANDE ET AL. 1988)                         
  4722795.43   1150599.23
  4759887.51    974080.34
  4772423.12    973017.23
  4814886.53    786097.30
  4926005.73    800567.23
  4938268.79    723725.68
  4994805.66    731804.86
  5021788.29    560454.33
  5445545.31    617518.41
  5469589.26    492610.12
  5503441.53    498643.29
  5519246.31    407391.33
  5552742.19    410966.22
  5565491.43    326861.41
  5649371.86    336179.33
  5660146.12    240201.15
  5969972.25    276479.43
  5982048.51    205264.17
  6205885.30    230810.25
  6213367.96    189319.05
  6348399.75    203198.44
  6359488.26    144361.95
  6477861.18    146940.34
  6487177.99     90316.85
  6793306.29    136192.38
  6807644.09     44196.97
  6827221.55     40866.31
  6838606.08    -36267.34
  6935861.22    -24865.09
> 92 1   64 EQUATORIAL ATLANTIC RIDGE (ROEST 1987)                                
  6935861.22    -24865.09
  6990498.79   -336575.20
  7346734.00   -281754.33
  7424174.94   -754814.68
  7563983.28   -754828.83
  7591687.06   -918652.41
  7733850.79   -903956.69
  7909118.77   -878942.77
  8124137.96   -850170.68
  8304183.50   -822681.87
  8346299.43   -967787.69
  8623912.88   -937360.94
  8714659.08  -1336219.24
  8973783.35  -1312094.16
  9237286.36  -1279010.94
  9441279.85  -1253143.16
  9704240.44  -1209837.45
  9913370.39  -1168621.28
 10130848.56  -1129164.14
 10388225.67  -1068896.19
 10700394.65   -997712.31
 10771304.74   -988105.54
> 9388   65 	EQUATORIAL ATLANTIC RIDGE FROM GEBCO                                 
 10771304.74   -988105.54
 10841527.36  -1248301.67
 10901637.74  -1238438.37
 10952757.27  -1433313.39
 11035035.09  -1414316.83
 11074282.26  -1548461.85
 11761978.27  -1389687.91
 11881879.56  -1805746.41
 12057535.26  -1765525.47
 12133813.76  -2099900.60
 12042041.21  -2163549.88
 12063881.37  -2149392.01
 12103386.41  -2496047.16
 11991001.20  -2526412.60
 11982485.06  -2694192.36
 11946681.91  -2697944.37
 11961628.04  -2848815.41
 12096116.39  -2847028.27
 12091265.74  -3018640.40
 12206732.57  -3032261.48
 12207486.90  -3237235.58
 12123732.97  -3248858.72
> 9822   66 W MELANESIAN TRENCH (ACTIVE)                                          
> 9822   67 NEW GUINEA TRENCH (ACTIVE)                                            
> 8022   68 TRENCH S OF NEW GUINEA TRENCH                                         
> 8021   69 JAVA TRENCH (ACTIVE SUBDUCTION)                                       
> 8021   70 TRENCH A (ACTIVE ARC-CONTINENT COLLISION ZONE)                        
> 9599   71 SE INDIAN OCEAN RIDGE (ANTARCTIC PLATE)                               
> 9431   72 SW INDIAN RIDGE (AFRICAN PLATE)                                       
> 9431   73 WESTERN END OF SW INDIAN RIDGE (AFRICAN PLATE)                        
  3930235.56 -10953460.18
  3898836.51 -10904840.99
  3858190.09 -10852205.04
  3911452.33 -10815724.19
  3889035.47 -10781222.12
  3871315.70 -10751392.02
> 9388   74 S SANDWICH FZ                                                         
  2752570.91  -9322255.36
  2787337.70  -9425647.19
  2851260.02  -9554524.37
  2907388.08  -9676845.90
  2933865.71  -9722661.46
> 9431   75 EASTERN END OF AMERICA-ANTARCTIC RIDGE (ANTARCTIC PLAT                
  2933865.71  -9722661.46
  2997204.38  -9706230.91
  3019681.68  -9744271.55
  3057128.69  -9733680.98
  3105400.04  -9719589.21
  3116512.34  -9735917.12
  3159015.10  -9720750.23
  3170942.21  -9742628.55
  3192387.65  -9785430.81
  3204205.90  -9815734.99
  3246812.00  -9811193.79
  3287930.83  -9809669.43
  3290949.23  -9810547.55
  3316767.80  -9863525.06
  3348255.22  -9929882.84
  3382390.01 -10008000.95
  3416469.61 -10097309.79
  3443752.85 -10177773.88
  3471546.27 -10256746.35
  3490957.61 -10324375.50
  3501499.15 -10356644.97
  3531904.68 -10350005.43
  3568584.76 -10342717.82
  3578176.58 -10371871.72
  3584576.92 -10398297.87
  3616588.51 -10394040.89
  3654911.14 -10389343.80
  3663070.67 -10429788.24
  3670819.62 -10479801.16
  3717668.51 -10473637.34
  3767175.54 -10465143.80
  3773290.31 -10509177.99
  3777199.97 -10531745.20
  3780176.09 -10588547.60
  3783832.03 -10644999.02
  3782804.84 -10677512.02
  3846796.44 -10672451.12
  3856505.15 -10711942.60
  3869797.85 -10753574.05
> 9388   76 SHACKLETON FZ BET SCOTIA SEA AND DRAKE PLATES                         
  1071424.92  -7628694.85
  1154378.71  -7709296.74
  1229515.23  -7802251.49
  1303923.53  -7908130.23
  1375478.73  -8021743.11
  1417157.03  -8106248.81
  1447047.65  -8172973.08
  1469860.71  -8251386.60
  1485144.48  -8303294.39
> 9388   77 BRANSFIELD STRAIT SPREADING CENTER                                    
  1498955.66  -8299253.49
  1334404.49  -8347110.04
  1312441.01  -8328735.62
  1226219.50  -8352257.52
  1201128.93  -8334830.07
  1106664.99  -8361446.58
> 9688   78 JUAN FERNANDEZ-ANTARCTIC SPREADING CENTER                             
 -2210356.40  -5082710.87
 -2340180.49  -5172177.99
> 84 1   79 ALPINE FAULT, NEW ZEALAND N SECTION TO KERMADEC TRENCH                
> 84 1   80 ALPINE FAULT, WESTERN BORDER OF TORLESSE (N. ISLAND)                  
> Pen up flag, same line
> Pen up flag, same line
> 84 1   81 ALPINE FAULT, NEW ZEALAND,SOUTH ISLAND SEGMENT                        
> 9688   82 KERMADEC TRENCH                                                       
-14443373.28  -8327044.76
-14366058.43  -8329977.43
-14292071.96  -8318460.01
-14204798.03  -8285883.73
-14097662.45  -8296721.82
-14010973.35  -8286061.96
-13890015.53  -8312627.58
-13811740.03  -8351965.11
-13751397.33  -8401084.46
-13649327.33  -8486432.31
-13563127.94  -8576834.61
-13448036.55  -8695275.37
-13375693.36  -8774551.59
-13293848.08  -8875491.44
-13182191.31  -9010180.70
-13127052.06  -9107143.63
-13071935.31  -9182932.20
-12990891.50  -9297935.63
-12916831.87  -9403766.46
-12840791.30  -9502134.00
-12735381.79  -9627168.62
-12651209.87  -9724348.29
-12545807.86  -9871153.58
-12453614.53 -10014004.70
-12382599.33 -10126050.24
-12293070.86 -10242130.52
-12217922.83 -10334325.06
-12108241.18 -10451151.98
-12011697.11 -10574007.15
-11927014.84 -10690767.39
-11856995.83 -10791992.96
-11774349.24 -10894889.12
-11699706.46 -10997445.21
-11632714.20 -11075775.86
-11535353.94 -11158882.57
-11404895.36 -11243763.66
-11267881.33 -11287085.58
-11156706.56 -11328585.24
-11056289.48 -11370280.60
-10955760.35 -11421626.76
-10851844.12 -11459022.88
-10696828.21 -11488785.36
-10540958.08 -11509849.70
-10391076.15 -11583866.53
-10247158.93 -11682429.93
-10082278.83 -11731267.07
 -9935095.35 -11777888.11
 -9811670.22 -11811305.27
 -9671112.06 -11836715.01
 -9538951.58 -11895832.51
 -9399599.10 -11957545.94
 -9282901.45 -11996462.74
 -9174831.95 -12057255.45
> 9688   83 VITYAZ TRENCH                                                         
-14854398.41  -8541557.75
-14877579.06  -8554702.68
> Pen up flag, same line
-14941929.02  -8597874.06
-14992223.84  -8650228.31
> Pen up flag, same line
-15055464.48  -8717391.92
-15106659.96  -8760592.07
> Pen up flag, same line
-15192117.54  -8819432.38
-15258901.79  -8834968.79
-15288073.25  -8840687.54
> Pen up flag, same line
-15379043.89  -8865560.98
-15417369.70  -8872264.23
-15465317.66  -8878463.04
> Pen up flag, same line
-15525450.03  -8887343.48
> Pen up flag, same line
-15561076.57  -8896112.20
-15614480.59  -8909532.18
-15653464.84  -8909909.91
-15684334.21  -8912984.91
> Pen up flag, same line
-15745456.11  -8936649.53
-15834963.57  -8932901.69
-15871039.81  -8930792.14
> Pen up flag, same line
-15932267.42  -8943269.68
-16029853.00  -8918533.92
-16039639.13  -8914603.55
> Pen up flag, same line
-16075558.15  -8897863.12
-16125668.35  -8872236.65
> Pen up flag, same line
-16208145.49  -8822524.58
-16260200.39  -8774595.31
-16246162.79  -8857754.30
> 68 7   84 N NORTH FIJI BASIN                                                    
> Pen up flag, same line
> Pen up flag, same line
> Pen up flag, same line
> Pen up flag, same line
> Pen up flag, same line
> Pen up flag, same line
> Pen up flag, same line
> Pen up flag, same line
> Pen up flag, same line
> Pen up flag, same line
> Pen up flag, same line
> Pen up flag, same line
> Pen up flag, same line
> Pen up flag, same line
> Pen up flag, same line
> Pen up flag, same line
> Pen up flag, same line
> Pen up flag, same line
> Pen up flag, same line
> Pen up flag, same line
> Pen up flag, same line
> Pen up flag, same line
> Pen up flag, same line
> Pen up flag, same line
> Pen up flag, same line
> Pen up flag, same line
> Pen up flag, same line
> Pen up flag, same line
> Pen up flag, same line
> Pen up flag, same line
> Pen up flag, same line
> Pen up flag, same line
> Pen up flag, same line
> Pen up flag, same line
> 9688   85 VITYAZ TRENCH                                                         
> 9688   86 NEW HEBRIDES TRENCH                                                   
> Pen up flag, same line
> Pen up flag, same line
> Pen up flag, same line
> Pen up flag, same line
> Pen up flag, same line
> Pen up flag, same line
> Pen up flag, same line
> Pen up flag, same line
> Pen up flag, same line
> Pen up flag, same line
> 68 7   87 S. SOLOMON TRENCH                                                     
> 68 7   88 NEW BRITAIN TRENCH                                                    
> 68 7   89 NEW BRITAIN TRENCH                                                    
> 68 7   90 WOODLARK BASIN (SPREADING CENTER SE OF NEW GUINEA)                    
> 68 7   91 BISMARK RIFT (SPREADING CENTER NE OF NEW GUINEA)                      
> 9612   92 PAC-ANT RIDGE, LARSON ET AL. (1985) (FROM 160E TO 182E)               
> 9688   93 PACIFIC-GALAPAGOS SPREADING CENTER                                    
 -1916130.16   -798328.54
 -1918593.78   -811536.78
 -1919634.96   -822030.49
 -1918740.85   -824772.76
 -1919869.36   -844405.37
 -1922380.38   -865381.92
 -1920676.00   -881839.20
 -1918063.61   -901963.14
 -1915412.26   -918880.08
 -1912379.68   -932145.60
 -1905998.08   -946792.00
 -1900176.75   -959603.61
 -1893891.88   -973328.35
 -1887950.05   -987950.15
 -1883025.47   -998469.03
 -1877978.99  -1008055.59
 -1873964.24  -1016283.31
 -1872595.87  -1022668.97
 -1877799.66  -1028306.75
> 9688   94 PACIFIC-COCOS SPREADING CENTER                                        
 -1872751.20   -649704.74
 -1869728.25   -661102.84
 -1866457.38   -685677.61
 -1867235.00   -705646.31
 -1867482.11   -721980.40
 -1867257.71   -738332.73
 -1866603.99   -757875.20
 -1867189.71   -767410.76
 -1869715.92   -785091.75
 -1872680.69   -801877.38
 -1875509.52   -817751.58
 -1879466.64   -843624.06
 -1879080.08   -851364.50
 -1883317.80   -873609.55
 -1887598.54   -889039.84
 -1889539.21   -901304.97
 -1891419.00   -905843.48
> Pen up flag, same line
 -1866129.91   -748349.95
> Pen up flag, same line
 -1775420.49   -748644.58
> 9688   95 PACIFIC-NAZCA SPREADING CENTER                                        
 -1877799.66  -1028306.75
 -1881543.83  -1069253.31
> Pen up flag, same line
 -1867452.77  -1048788.15
 -1866544.40  -1063795.44
 -1867817.89  -1079706.55
 -1871965.38  -1094269.30
 -1877838.01  -1106558.56
 -1886927.52  -1124316.43
 -1892328.51  -1135702.29
 -1898277.63  -1155296.20
 -1903181.32  -1172624.22
 -1905880.69  -1189478.77
 -1907531.02  -1205884.08
 -1906629.08  -1222276.33
 -1906098.58  -1233196.65
 -1903275.67  -1240922.55
> Pen up flag, same line
 -1892848.26  -1229016.72
 -1894641.99  -1237228.18
 -1895035.12  -1247243.24
 -1894510.87  -1255887.01
 -1892633.65  -1259967.14
 -1889486.70  -1264036.81
> Pen up flag, same line
 -1886277.09  -1261283.35
 -1884406.81  -1264456.11
 -1881689.09  -1272619.48
 -1882994.25  -1282179.01
 -1886972.68  -1289034.62
 -1890166.57  -1293156.36
 -1896437.69  -1301402.23
> Pen up flag, same line
 -1905261.75  -1282827.84
 -1911041.13  -1295169.49
 -1916294.57  -1313435.81
 -1920268.42  -1331237.58
 -1922842.66  -1349029.53
 -1924842.37  -1365451.95
 -1926489.76  -1381413.40
 -1927220.73  -1395998.03
 -1927057.31  -1407837.47
 -1925964.51  -1419651.83
 -1923969.78  -1429637.11
 -1921184.22  -1438253.64
> Pen up flag, same line
 -1912385.09  -1416734.58
 -1910948.22  -1420352.48
 -1908832.57  -1438512.81
 -1907272.87  -1449862.09
 -1907040.17  -1464410.40
 -1907351.27  -1473516.39
 -1908573.47  -1483085.88
 -1911119.11  -1495859.26
 -1915370.00  -1509585.21
 -1919770.88  -1521034.17
 -1922710.86  -1530185.47
 -1924423.31  -1537040.94
 -1927110.26  -1541182.94
 -1930603.56  -1545353.60
 -2137546.95  -1526777.37
 -2150596.60  -1563355.21
 -2228574.01  -1553667.88
 -2251046.88  -1613749.62
 -2333179.65  -1603945.78
 -2335743.28  -1613293.15
 -2339541.99  -1624517.72
 -2341598.33  -1634782.49
 -2345031.29  -1646004.60
 -2351172.97  -1656855.91
 -2355500.30  -1665336.79
 -2357707.11  -1670037.57
 -2361044.39  -1683596.63
 -2361768.15  -1701240.64
 -2363718.95  -1713354.63
 -2364831.90  -1722204.22
 -2366943.67  -1729235.16
 -2369810.29  -1738148.63
 -2372773.61  -1747526.36
 -2374791.22  -1753621.04
 -2376570.88  -1756467.63
> Pen up flag, same line
 -2379477.42  -1727341.52
 -2383467.84  -1734444.42
 -2386266.47  -1745221.06
 -2389142.83  -1756920.62
 -2390147.69  -1768097.04
 -2389666.62  -1781064.40
 -2387385.31  -1791648.07
 -2386686.02  -1797649.18
> Pen up flag, same line
 -2398010.10  -1781377.42
 -2398292.90  -1783245.63
 -2400708.56  -1794013.49
 -2401707.18  -1804729.36
 -2401344.42  -1813993.51
 -2402423.79  -1822385.97
 -2404457.33  -1830359.39
 -2408230.51  -1838864.63
 -2408643.73  -1840269.80
 -2468136.22  -1829708.69
 -2473328.66  -1838306.47
 -2476138.39  -1850067.92
 -2480363.65  -1869809.18
 -2483927.74  -1885336.88
 -2484208.39  -1897448.78
 -2484554.88  -1910509.84
 -2482623.95  -1921586.45
 -2481943.69  -1928537.57
 -2481187.38  -1934551.29
 -2484931.38  -1942635.23
 -2489327.39  -1949359.71
 -2496736.79  -1957169.69
> Pen up flag, same line
 -2494757.40  -1922155.15
 -2500416.27  -1929872.92
 -2504034.79  -1943094.14
 -2507950.41  -1957259.17
 -2511029.05  -1971377.59
 -2513058.29  -1984986.57
 -2514227.74  -1999016.64
 -2514142.67  -2009727.30
> Pen up flag, same line
 -2493387.13  -1921156.76
 -2500592.61  -1926155.51
 -2505201.97  -1938489.00
 -2510974.49  -1962994.76
 -2514447.78  -1976213.50
 -2518451.69  -1990389.11
 -2521586.47  -2009643.77
 -2524220.86  -2022363.76
 -2525407.64  -2035460.28
 -2525600.16  -2047118.33
 -2525877.45  -2059232.11
 -2524574.96  -2065677.04
 -2523897.20  -2069359.84
> Pen up flag, same line
 -2525004.47  -2042891.25
 -2530780.08  -2047402.10
 -2536221.35  -2057945.14
 -2539235.05  -2071620.50
 -2543709.33  -2090498.27
 -2544783.98  -2104536.65
 -2544710.27  -2113834.52
 -2544797.07  -2128268.25
 -2544922.26  -2139916.59
 -2549574.33  -2156484.23
 -2552730.78  -2164586.10
 -2553085.44  -2166472.26
 -2721576.87  -2150542.95
 -2726172.07  -2165899.09
 -2727891.68  -2175888.21
 -2730173.21  -2191558.70
 -2730204.66  -2203310.90
 -2729494.91  -2213596.04
 -2730037.49  -2226321.09
 -2732631.80  -2236840.17
 -2737029.36  -2247024.04
 -2741233.81  -2254833.72
 -2744400.02  -2262115.98
> Pen up flag, same line
 -2746891.16  -2234092.15
 -2750120.69  -2242314.57
 -2756241.12  -2261572.30
 -2764358.94  -2285676.85
 -2768996.10  -2304837.70
 -2770809.02  -2324720.78
 -2770620.69  -2337866.61
 -2772648.85  -2354476.24
 -2775200.98  -2368772.77
 -2779428.23  -2381331.53
 -2785022.68  -2393058.29
 -2789178.81  -2400454.62
 -2792142.90  -2403510.42
> Pen up flag, same line
 -2783937.80  -2354903.76
 -2785117.59  -2362519.17
 -2788553.89  -2373139.61
 -2791863.08  -2383755.23
 -2793746.43  -2395657.89
 -2795936.84  -2409472.11
 -2794642.21  -2419232.95
 -2793618.69  -2425722.03
 -2794128.08  -2436563.69
 -2795024.07  -2446969.36
 -2796664.94  -2455558.61
 -2799514.31  -2466609.56
 -2801619.89  -2473832.72
 -2803715.52  -2482470.36
 -2806385.91  -2484578.95
> Pen up flag, same line
 -2810082.40  -2447795.80
 -2811520.94  -2457318.81
 -2815559.99  -2476474.70
 -2824537.13  -2496063.00
 -2828986.84  -2510098.32
 -2833561.64  -2526491.02
 -2837164.46  -2542865.51
 -2839486.41  -2563742.94
 -2841002.21  -2576569.14
 -2842825.72  -2592239.77
 -2843961.51  -2605024.99
 -2844588.38  -2616817.73
 -2844750.04  -2624808.77
 -2843679.36  -2630798.99
 -2841080.48  -2638975.00
> Pen up flag, same line
 -2820360.56  -2615372.17
 -2821620.87  -2626737.94
 -2820245.36  -2640640.58
 -2821484.90  -2652008.29
 -2822926.03  -2660106.25
 -2823775.30  -2665797.43
> Pen up flag, same line
 -2815732.24  -2653767.97
 -2814282.50  -2658764.98
 -2814242.15  -2668585.82
 -2816145.05  -2676717.00
 -2818769.99  -2683532.53
 -2822354.92  -2689045.01
 -2825259.27  -2693085.59
 -2828467.14  -2697619.78
> Pen up flag, same line
 -2839977.62  -2681502.32
 -2849738.09  -2700763.64
 -2855336.27  -2718679.83
 -2992309.58  -2705669.95
 -2991956.91  -2716509.41
 -2997139.03  -2730330.46
 -2996926.22  -2748263.60
 -2994883.60  -2758905.24
 -2991398.83  -2772677.18
 -2995626.15  -2780713.00
 -2997925.48  -2785698.75
 -3000872.94  -2796428.64
 -3000057.53  -2803423.71
 -2998077.38  -2812158.53
 -2996346.59  -2822797.74
 -2994857.74  -2835365.34
 -2994359.08  -2847559.70
 -2994984.04  -2862233.38
 -2997379.84  -2870069.78
 -2999954.74  -2879330.76
 -3002754.09  -2887678.25
 -3006013.62  -2895153.38
> Pen up flag, same line
 -3009769.86  -2864503.67
 -3015332.33  -2869898.55
 -3017447.32  -2882889.20
 -3021316.26  -2897050.03
 -3022171.15  -2913179.64
 -3023179.70  -2924154.61
 -3024646.22  -2941772.87
 -3024983.15  -2954059.16
 -3025347.56  -2973403.42
 -3025991.36  -2989489.80
 -3027629.65  -3002411.81
 -3027526.65  -3010390.11
 -3027072.87  -3017386.20
 -3026641.95  -3020616.87
> Pen up flag, same line
 -3017755.86  -2994993.54
 -3018658.32  -3002630.65
 -3017416.18  -3015621.59
 -3020257.38  -3029158.16
 -3026014.95  -3042147.76
 -3029039.35  -3051476.59
 -3029249.60  -3060426.30
 -3030007.84  -3072274.64
 -3028707.65  -3084297.17
 -3027785.07  -3088384.67
> Pen up flag, same line
 -3016287.91  -3076020.98
 -3016502.66  -3077922.07
 -3016594.45  -3091061.91
 -3020351.48  -3104233.87
 -3023584.97  -3111709.37
 -3028960.54  -3119971.82
 -3034125.17  -3126325.12
> Pen up flag, same line
 -3018566.91  -3120382.99
 -3020326.99  -3128122.76
 -3023168.01  -3137411.52
 -3025250.00  -3146140.76
 -3027675.45  -3154910.54
 -3031140.00  -3163834.33
 -3032004.67  -3167710.18
 -3032603.34  -3173411.60
> Pen up flag, same line
 -3021427.72  -3166184.07
 -3020635.31  -3171679.85
 -3024099.76  -3189472.79
 -3028324.52  -3202713.36
 -3032415.86  -3215944.94
 -3033001.36  -3223971.26
 -3032975.93  -3230499.92
> Pen up flag, same line
 -3020436.92  -3227238.06
 -3021734.16  -3234426.98
 -3023561.84  -3243573.37
 -3026699.11  -3251043.93
 -3028976.41  -3260253.66
 -3032610.52  -3270600.74
 -3032354.20  -3278481.25
 -3031629.20  -3286302.64
 -3031000.71  -3290394.82
> Pen up flag, same line
 -3021955.94  -3279228.07
 -3021854.23  -3292251.11
 -3020063.34  -3300829.27
 -3020741.44  -3307910.82
 -3022630.40  -3317046.77
 -3025645.61  -3324965.98
 -3026521.09  -3330688.30
 -3025804.78  -3341266.03
 -3025693.51  -3344968.65
> Pen up flag, same line
 -3014035.68  -3330590.35
 -3014457.70  -3339954.06
 -3015464.37  -3350794.77
 -3018240.56  -3360065.71
 -3023336.47  -3368771.84
 -3030094.19  -3375885.10
 -3032219.08  -3383202.70
 -3032577.30  -3389755.73
 -3031406.34  -3397002.57
> Pen up flag, same line
 -3017243.82  -3375228.40
 -3019330.08  -3382062.01
 -3019037.83  -3392681.88
 -3021175.31  -3402768.40
 -3027388.20  -3413052.78
 -3030366.53  -3420034.96
 -3033958.88  -3428979.06
 -3034675.63  -3436055.32
 -3035472.24  -3445462.06
 -3035947.17  -3451101.76
 -3036112.32  -3455761.65
> Pen up flag, same line
 -3023087.22  -3436461.12
 -3024837.78  -3445088.99
 -3025714.09  -3456817.90
 -3027610.98  -3470095.02
 -3031660.62  -3485128.32
 -3033524.07  -3495627.16
 -3033950.72  -3517907.88
 -3033772.30  -3540054.96
 -3033179.22  -3554273.49
 -3032291.09  -3564733.78
 -3032461.05  -3574449.79
 -3037278.83  -3594208.72
 -3038939.40  -3607873.34
 -3040855.11  -3620671.02
> Pen up flag, same line
 -3049970.62  -3613537.69
 -3052569.25  -3621847.93
 -3057922.88  -3650950.59
 -3057740.55  -3666582.20
 -3058557.76  -3677336.46
 -3057397.67  -3688622.38
 -3056678.87  -3699990.71
 -3054681.65  -3710659.25
 -3053078.77  -3724139.67
 -3053148.51  -3736093.79
 -3053262.69  -3747137.05
 -3053929.54  -3758275.69
 -3053553.89  -3765093.08
> Pen up flag, same line
 -3063968.02  -3744131.27
 -3069558.98  -3748416.49
 -3072270.49  -3758578.72
 -3072160.31  -3768214.23
 -3070896.14  -3777153.09
 -3067841.35  -3783896.84
 -3065032.79  -3791160.47
 -3063621.49  -3793630.08
 -3060004.16  -3800259.06
 -3057918.18  -3808556.77
 -3056981.89  -3815706.75
 -3057385.19  -3823107.65
 -3057684.83  -3828655.53
> Pen up flag, same line
 -3062448.69  -3804403.77
 -3063796.59  -3808797.30
 -3070080.64  -3816447.48
 -3073260.70  -3826241.41
 -3072846.12  -3839449.81
 -3073970.84  -3857067.29
 -3074258.86  -3869486.35
 -3072575.11  -3882409.21
 -3070056.19  -3898799.63
 -3067043.11  -3907323.50
 -3064541.98  -3915024.79
 -3061953.54  -3920881.56
 -3057955.29  -3922336.26
> 9688   96 PACIFIC-EASTER SPREADING CENTER                                       
 -3057955.29  -3922336.26
 -3112696.25  -3938256.21
 -3092822.42  -3974285.43
 -3139818.39  -4008581.66
 -3121029.12  -4044232.06
 -3223287.55  -4116722.28
 -3215326.60  -4130935.44
 -3203752.47  -4157093.99
 -3189642.61  -4182103.10
 -3177130.62  -4204219.15
 -3159083.56  -4226320.53
 -3139985.86  -4247611.42
 -3121184.54  -4263938.64
 -3103400.48  -4279987.86
 -3084564.33  -4294851.64
 -3062467.75  -4310211.30
 -3044142.64  -4323299.31
 -3030562.43  -4329445.17
 -2972085.64  -4345425.28
 -2835129.44  -4316327.81
> 9688   97 PACIFIC-NAZCA SPREADING CENTER                                        
 -2789140.03  -4282618.10
 -2789646.86  -4300203.79
 -2790862.38  -4320983.08
 -2785812.42  -4339922.14
 -2779854.84  -4356891.33
 -2775408.29  -4382838.10
 -2771568.68  -4398035.40
 -2768881.85  -4410000.97
 -2768606.58  -4415126.96
> Pen up flag, same line
 -2761715.86  -4395400.57
 -2757748.90  -4413129.45
 -2747617.99  -4444975.05
 -2739816.02  -4471652.21
 -2732839.01  -4494564.82
 -2722704.93  -4523985.97
 -2713089.24  -4554279.23
 -2703418.02  -4577219.39
 -2695932.37  -4596755.85
 -2687369.69  -4613027.84
 -2680209.74  -4621963.14
> Pen up flag, same line
 -2624070.68  -4529761.80
 -2617827.70  -4542790.59
 -2606110.48  -4566828.39
 -2597243.44  -4583408.63
 -2590286.63  -4607129.78
 -2586286.02  -4628511.47
 -2579824.81  -4653071.82
 -2575832.60  -4681047.05
 -2571396.41  -4703852.75
 -2567957.86  -4727668.83
 -2563441.58  -4754086.83
 -2561575.25  -4774011.50
 -2560182.78  -4794014.88
 -2559803.56  -4817955.76
 -2558068.48  -4839047.43
 -2556316.77  -4861336.76
 -2554130.63  -4882239.37
 -2553201.61  -4904237.65
 -2552690.56  -4918085.32
 -2551572.62  -4930536.04
> 9688   98 JUAN FERNANDEZ-PACIFIC SPREADING CENTER                               
 -2571588.68  -4859700.03
 -2576520.89  -4873305.67
 -2580774.50  -4894591.90
 -2582704.40  -4911578.86
 -2584218.78  -4931736.85
 -2585107.77  -4952535.31
 -2584300.41  -4970418.46
 -2578066.61  -4999170.47
 -2571172.48  -5018248.39
 -2563293.03  -5039075.18
 -2555710.57  -5058702.75
 -2553031.68  -5081579.93
 -2554486.95  -5102257.93
 -2555865.02  -5126127.18
 -2555919.31  -5151628.22
 -2552615.50  -5174155.93
 -2552128.52  -5186529.81
 -2551416.05  -5189155.57
 -2340180.49  -5172177.99
> 9788   99  PACIFIC-ANTARCTIC SPREADING CENTER                                   
 -2340180.49  -5172177.99
 -2357383.18  -5216033.06
 -2348395.47  -5260323.62
 -2336211.75  -5314924.82
 -2305860.01  -5311643.90
 -2306473.02  -5359289.77
 -2304922.09  -5375428.65
 -2279061.24  -5375102.58
 -2276883.97  -5527456.50
 -2275369.29  -5672798.26
 -2272117.79  -5684271.54
 -2194895.08  -5664623.60
 -2182782.14  -5803103.02
 -2157670.71  -5940843.03
 -2138170.23  -6043772.33
 -2172541.20  -6048584.43
 -2170482.98  -6166045.40
 -2166467.05  -6313184.31
 -2151390.07  -6444130.70
 -2147858.41  -6485666.78
 -2127796.13  -6481419.48
 -2115137.72  -6646057.82
 -2098281.45  -6775358.05
 -2087042.52  -6900152.02
 -2075194.69  -6956798.19
 -2181842.04  -6966485.20
 -2273272.41  -6976804.75
 -2282521.93  -7114920.20
 -2277644.17  -7230565.51
 -2272229.50  -7342760.27
 -2273928.96  -7414022.69
 -2273038.13  -7433085.03
 -2177426.77  -7415855.09
 -2172421.77  -7487164.77
 -2155860.57  -7564314.58
 -2148155.58  -7621271.60
 -2223702.70  -7637234.05
 -2296148.38  -7645241.90
 -2283330.94  -7747060.16
 -2272096.83  -7822705.97
 -2272959.59  -7849782.23
 -2381289.37  -7871841.94
 -2491464.37  -7903607.93
 -2575744.51  -7914390.73
 -2613793.90  -7929645.18
 -2604593.64  -7995531.31
 -2698518.69  -8027281.48
 -2805589.94  -8048764.10
 -2901888.71  -8076570.88
 -3014270.75  -8107809.12
 -3115912.33  -8137840.69
 -3195039.58  -8168390.23
 -3264369.62  -8189267.23
 -3242725.25  -8256299.18
 -3310788.33  -8285470.47
 -3340528.81  -8293595.29
 -3284996.39  -8441371.95
 -3258710.45  -8511660.79
 -3241284.46  -8559154.48
 -3213064.28  -8548192.88
 -3180532.22  -8612068.85
 -3157560.42  -8679875.82
 -3143850.89  -8716825.66
 -3262064.07  -8773046.31
 -3350618.60  -8811342.03
 -3435286.15  -8846840.50
 -3464033.34  -8859118.04
 -3420076.91  -8988657.13
 -3381850.85  -9074253.67
 -3366585.64  -9125287.62
 -3394986.30  -9148063.21
 -3355471.43  -9220842.55
 -3316598.48  -9320907.90
 -3281624.64  -9383544.40
 -3256096.33  -9440217.29
 -3311448.18  -9476439.75
 -3208336.83  -9644754.38
 -3165610.44  -9714418.69
 -3130271.50  -9764388.87
 -3140628.34  -9769755.92
 -3089274.67  -9851975.25
 -3047737.84  -9917107.05
 -3020942.13  -9970103.22
 -3066941.93 -10003718.89
 -3113863.11 -10032029.44
 -3095523.10 -10057545.48
 -3163259.53 -10101515.95
 -3134966.61 -10143390.37
 -3185149.19 -10179671.26
 -3221399.75 -10210049.71
 -3167481.19 -10280642.84
 -3121873.76 -10345858.19
 -3189504.75 -10395310.34
 -3246296.42 -10440538.42
 -3264564.50 -10458964.70
 -3199871.06 -10524044.84
 -3132948.17 -10584481.68
 -3077546.12 -10632657.19
 -3021266.34 -10680857.09
 -3011623.03 -10692412.90
 -3075053.31 -10746151.72
 -3006321.49 -10816161.91
 -2946946.20 -10880325.07
 -2909802.60 -10918004.46
 -2947424.09 -10944714.62
 -2983953.42 -10972949.71
> 97 0  100   PACIFIC-COCOS SPREADING CENTER                                      
 -2136292.70    984560.21
 -2159856.06    898919.96
 -2141417.14    899252.66
 -2152769.69    810757.45
 -2155942.20    728894.24
 -2156255.88    676305.29
 -2084065.14    689535.62
 -2066677.84    548610.38
 -2021354.77    373351.25
 -2008709.61    292378.37
 -2020974.74    290969.97
 -2011743.18    182226.11
 -2003295.46    105568.50
 -2000702.81     87565.49
 -2081102.68     79630.15
 -2086163.05    -17822.87
 -2085743.38   -100824.50
 -2083233.06   -114115.57
 -1937277.43   -113885.57
 -1907961.25   -254795.71
 -1890984.47   -445239.91
 -1863602.77   -646602.59
 -1872751.20   -649704.74
> 9688  101 ALEUTIAN TRENCH (FROM DEEPEST SECTION OF GEBCO SHEETS 2 & 3)          
 -3089437.44   6908980.27
 -3101198.10   6927143.34
 -3112778.28   6940420.51
 -3123753.38   6951276.72
 -3135303.31   6960342.86
 -3144635.01   6971604.07
 -3152606.78   6979577.56
 -3158561.53   6983720.16
 -3176229.80   6985545.61
 -3204226.63   6983400.20
 -3218518.19   6983070.20
 -3237984.74   6982334.12
 -3257906.46   6975853.11
 -3272501.62   6971476.67
 -3296837.31   6972996.28
 -3332737.37   6976885.43
 -3352706.96   6980149.56
 -3372060.82   6985491.93
 -3389324.79   6992442.37
 -3406762.98   6987525.65
 -3422710.93   6987300.34
 -3438276.15   6995029.62
 -3449685.09   7005313.93
 -3462997.78   7018135.76
 -3484541.66   7024146.65
 -3514070.15   7034695.36
 -3541655.50   7044895.15
 -3570460.42   7057798.56
 -3591819.55   7060499.60
 -3612737.87   7069664.23
 -3630639.42   7085691.09
 -3655111.56   7092172.90
 -3672202.73   7096179.20
 -3699670.09   7112373.47
 -3731705.59   7135152.06
 -3757430.22   7154737.36
 -3774467.60   7169611.13
 -3799058.10   7182998.82
 -3822182.46   7196978.07
 -3844323.76   7207308.05
 -3869475.14   7225011.39
 -3899988.32   7243226.39
 -3925630.15   7254611.81
 -3955361.24   7265473.38
 -3982598.49   7277176.19
 -4006959.26   7294852.42
 -4025862.41   7313058.84
 -4045081.83   7333267.69
 -4067706.35   7355266.30
 -4087571.68   7379024.39
 -4106991.88   7399475.97
 -4126270.67   7423977.15
 -4151388.01   7455220.80
 -4172985.03   7481079.37
 -4192850.11   7505578.44
 -4213027.12   7531801.04
 -4234253.65   7559321.75
 -4257373.19   7591609.42
 -4273652.78   7613919.05
 -4288704.93   7641909.98
 -4311350.18   7676802.61
 -4331004.57   7701569.71
 -4355897.53   7737798.81
 -4375672.86   7765091.01
 -4396123.43   7796071.71
 -4410974.71   7818529.94
 -4428712.05   7844194.37
 -4449084.24   7873312.47
 -4465612.95   7901041.63
 -4482686.93   7927098.33
 -4497970.75   7949591.69
 -4519704.14   7984446.32
 -4538258.53   8014602.54
 -4553846.40   8047512.21
 -4570818.54   8081854.75
 -4589199.18   8118715.23
 -4599292.88   8139844.90
 -4610595.13   8161771.18
 -4626641.13   8191029.67
 -4635260.10   8209895.49
 -4647348.82   8235369.12
 -4659933.45   8260910.33
 -4672637.47   8290767.22
 -4681846.17   8319079.58
 -4691809.44   8355096.54
 -4701519.16   8388715.53
 -4706999.59   8421859.88
 -4711550.58   8464375.73
 -4712360.79   8498490.45
 -4714707.99   8541248.27
 -4714772.47   8578361.35
 -4715281.80   8618251.91
 -4714672.16   8642396.32
 -4718329.18   8690111.19
 -4716822.15   8733146.52
 -4714684.19   8760928.77
 -4710141.52   8798417.20
 -4707092.41   8832288.87
 -4702774.97   8864131.37
 -4695577.19   8898457.58
> 9688  102 KURIL TRENCH (FROM DEEPEST SECTION OF GEBCO SHEET 2)                  
> 9824  103 URIL TRENCH                                                           
> 9824  104 JAPAN TRENCH                                                          
> 97 0  105 MACQUERIE RIDGE                                                       
> 97 0  106 ALTERNATE SOUTHERN EXTENSION OF MACQUERIE RIDGE                       
> 97 1  107 MIDDLE AMERICA TRENCH                                                 
 -2213761.67   1349444.72
 -2214965.49   1313198.66
 -2214539.38   1289669.86
 -2210543.90   1258675.95
 -2204422.43   1235659.92
 -2191263.40   1205985.13
 -2179287.82   1184695.87
 -2157785.82   1158865.98
 -2139840.00   1140517.21
 -2117967.57   1117131.61
 -2101890.60   1101426.61
 -2075888.56   1074258.03
 -2060208.29   1054048.88
 -2038124.83   1030926.99
 -2016862.40   1010279.46
 -1990944.99    991571.80
 -1969952.63    979182.86
 -1942676.33    962799.66
 -1923953.95    949564.03
 -1895740.55    930925.41
 -1870593.27    914934.67
 -1838032.21    894944.33
 -1813748.46    881466.80
 -1784152.37    865330.22
 -1760847.66    853194.38
 -1724563.93    837838.68
 -1695601.00    827688.65
 -1654163.54    807589.44
 -1622308.02    791700.21
 -1589267.78    776952.09
 -1561678.34    762640.46
 -1527734.32    744588.53
 -1499973.13    732670.14
 -1460467.39    715588.39
 -1430507.04    703679.61
 -1388856.73    685546.75
 -1355787.56    670239.41
 -1311750.94    655581.60
 -1275332.71    641409.82
 -1227969.66    627941.12
 -1200926.95    623348.86
 -1154188.85    621309.06
 -1125051.77    615605.86
 -1077822.22    600283.17
 -1053285.98    588163.28
 -1007623.03    558575.50
  -985359.46    542181.37
  -946049.52    514124.06
  -925925.89    496777.70
  -887460.69    473361.76
  -860691.09    458142.53
  -823254.73    433793.04
  -801810.73    421027.84
  -764239.89    399028.82
  -742753.30    386334.14
  -709350.54    370091.36
> 97 1  108 EPR BETW TAMAYO AND RIVERA FZ                                         
 -2448835.04   1433320.67
 -2542049.94   1300786.28
 -2136292.70    984560.21
> 98 7  109 JUAN DE FUCA RIDGE                                                    
 -3575865.55   4225200.44
 -3549473.36   4251409.31
 -3533089.71   4271416.90
 -3508726.96   4300025.10
 -3489259.86   4319689.96
 -3467249.44   4347995.65
 -3442387.83   4377537.46
 -3420998.18   4398843.11
 -3405542.52   4413313.98
 -3384654.77   4437669.28
 -3370881.55   4453000.84
 -3356309.49   4473594.54
 -3641519.49   4826688.89
 -3605835.61   4853604.73
 -3557917.90   4885989.20
 -3530556.14   4907462.14
 -3514714.77   4918250.60
 -3485284.07   4938216.52
 -3451041.25   4963999.38
 -3422604.90   4984450.53
 -3406215.10   4991690.62
 -3406246.18   4993222.35
 -3380858.44   5014078.51
 -3355400.70   5025786.93
 -3352575.63   5026921.33
 -3330887.97   5045598.73
 -3310006.83   5067759.70
 -3309296.21   5067287.42
 -3280011.48   5086800.45
 -3270299.35   5095316.25
 -3267528.63   5097963.81
 -3255739.19   5106581.67
 -3301257.66   5125062.48
 -3300556.83   5124588.74
 -3271221.17   5149933.58
 -3244104.87   5164674.62
 -3242718.02   5165239.62
 -3217096.42   5182440.26
 -3197029.14   5204825.62
 -3195653.18   5205392.97
 -3174287.07   5223857.18
 -3166024.17   5231719.26
 -3165347.29   5231262.49
 -3157109.41   5237641.68
 -3193049.72   5348279.15
 -3192333.35   5349290.92
 -3170487.32   5355086.29
 -3151224.50   5365724.88
 -3146045.38   5360573.81
 -3113054.94   5382672.52
> 9688  110 GALAPAGOS-NAZCA  SPREADING CENTER                                     
 -1814880.81   -833820.04
 -1787851.28   -856728.71
 -1757703.61   -876905.73
 -1714115.15   -907520.21
 -1723611.54   -923279.87
 -1743684.76   -944419.68
 -1756035.73   -958839.24
 -1774126.89   -972791.87
 -1787727.83   -983160.19
 -1804555.97   -994442.35
 -1816892.86  -1002562.89
 -1831878.15  -1009334.08
 -1847334.19  -1017004.75
 -1859216.57  -1021520.71
 -1870525.36  -1025137.08
 -1877799.66  -1028306.75
> 9688  111 EASTER-NAZCA SPREADING CENTER                                         
 -3057955.29  -3922336.26
 -2922967.19  -3887719.43
 -2781003.64  -3830621.55
> Pen up flag, same line
 -2771264.54  -3840026.65
 -2759488.06  -3846371.50
 -2743065.22  -3858544.38
 -2726721.10  -3869817.22
 -2713081.58  -3879339.27
 -2703830.56  -3891407.02
 -2698358.95  -3906787.08
 -2694195.03  -3927237.35
 -2691548.34  -3946598.79
 -2690569.06  -3959212.46
 -2690529.66  -3966685.26
 -2690956.73  -3971617.76
> Pen up flag, same line
 -2731308.16  -3944227.09
 -2733543.24  -3955706.49
 -2733271.35  -3978641.80
 -2734149.71  -3992940.73
 -2733906.18  -4003050.54
 -2731117.77  -4015311.71
 -2727914.38  -4029688.16
 -2723847.92  -4042112.91
 -2719384.08  -4051369.06
 -2714082.45  -4062643.36
 -2713599.83  -4076594.21
 -2713891.67  -4093323.01
 -2715136.23  -4104530.41
 -2714850.63  -4114987.35
> Pen up flag, same line
 -2771613.73  -4052298.87
 -2772115.33  -4065642.28
 -2765408.75  -4085912.50
 -2763817.38  -4098373.80
 -2761610.62  -4107170.34
 -2759819.83  -4111650.72
 -2753772.93  -4120114.05
 -2748652.77  -4130069.47
 -2745006.79  -4137673.19
 -2741769.86  -4149298.93
> Pen up flag, same line
 -2765736.66  -4132636.96
 -2755055.44  -4157250.85
 -2749921.11  -4167159.02
 -2749049.43  -4177935.60
 -2751644.22  -4188543.80
> Pen up flag, same line
 -2768389.38  -4175779.77
 -2769524.09  -4186974.43
 -2767584.03  -4200602.66
 -2766510.83  -4210016.09
 -2762307.02  -4215263.94
 -2758388.13  -4219685.92
 -2753723.64  -4231385.62
 -2752932.81  -4235158.41
 -2752552.52  -4241189.07
> Pen up flag, same line
 -2772815.09  -4229712.08
 -2771134.75  -4237675.82
 -2768546.38  -4251995.47
 -2766682.80  -4260766.12
 -2762202.40  -4269850.18
 -2758730.04  -4277831.56
 -2755900.63  -4288994.34
 -2755739.47  -4295924.98
 -2759930.62  -4304666.74
> 9688  112 JUAN FERNANDEZ-NAZCA SPREADING CENTER                                 
 -2551849.69  -4857767.27
 -2246188.93  -4907380.32
 -2230688.71  -4972442.19
 -2222029.33  -5023939.43
 -2210356.40  -5082710.87
> 9788  113  COCOS-NAZCA SPREADING CENTER                                         
 -1814880.81   -833820.04
 -1840702.87   -838610.15
 -1702397.04   -843403.79
 -1599408.37   -844715.46
 -1599704.84   -828633.83
 -1492779.29   -840363.50
 -1489632.45   -829124.70
 -1371393.34   -845587.36
 -1337940.48   -844523.21
 -1341992.03   -865615.36
 -1182674.45   -880711.14
 -1176332.75   -828795.22
 -1075793.94   -831113.91
 -1072583.50   -799447.98
  -894602.79   -815392.70
  -741987.84   -831788.17
  -724437.54   -835256.73
  -727940.04   -858217.00
  -662856.54   -856279.08
  -665480.13   -877960.76
  -569240.78   -886676.23
    16093.37   -929831.56
    25895.84   -897591.85
   111725.76   -902172.90
   112848.06   -799106.77
   123378.73   -734649.08
   245026.65   -728778.03
   308704.11   -733624.98
> 9788  114   NAZCA-ANTARCTIC SPREADING CENTER                                    
 -2210356.40  -5082710.87
 -1605074.74  -5057268.17
 -1584239.41  -5132535.65
 -1571666.81  -5158309.95
 -1390270.39  -5157674.22
 -1186131.46  -5145396.31
 -1093448.30  -5146053.85
 -1087781.13  -5210612.78
  -932224.11  -5205607.09
  -792476.53  -5198061.50
  -783745.82  -5277082.05
  -768800.17  -5361592.62
  -688177.58  -5350118.25
  -680175.80  -5409912.67
  -562311.13  -5391640.89
  -546880.96  -5498516.85
  -535916.64  -5597641.47
  -527010.03  -5638630.53
  -417300.30  -5628755.43
  -412913.19  -5670735.31
  -278728.73  -5654421.73
  -193089.22  -5648684.16
  -185890.28  -5675897.03
    -2582.17  -5648015.12
   108208.71  -5636737.77
   122476.52  -5759052.08
   131498.93  -5832275.74
   131948.59  -5843888.10
   208908.54  -5834404.59
   216990.86  -5921333.08
   229057.30  -6007146.46
   241720.83  -6070460.14
   373902.45  -6059686.30
   486118.85  -6043583.07
   542430.48  -6034644.88
   550878.28  -6111776.40
   562650.65  -6169122.13
   568173.71  -6189435.94
   646484.01  -6185516.69
   711678.76  -6186739.42
   715450.58  -6243765.21
   719719.33  -6301614.00
> 
