NaN NaN
1135.89 1389.61 
1129.83 1378.69 
NaN NaN
1132.06 1360.89 
1121.99 1340.2 
NaN NaN
1110.48 1364.02 
1106.56 1350.54 
NaN NaN
1126.14 1334.11 
1115.23 1319.36 
NaN NaN
1113.53 1323.69 
1109.67 1318.16 
NaN NaN
1059.17 1357.97 
1058.23 1342.1 
NaN NaN
1008.98 1267.75 
1013.55 1204.38 
NaN NaN
1000.86 1222.09 
1009.21 1181.9 
NaN NaN
997.105 1236.06 
1000 1217.87 
NaN NaN
1002.92 1176.35 
1020.06 1155.8 
NaN NaN
868.869 1444.67 
869.519 1424.06 
NaN NaN
927.031 1270.95 
923.613 1243.1 
NaN NaN
930.179 1263.4 
923.966 1240.69 
NaN NaN
928.203 1241.29 
928.096 1237.58 
NaN NaN
895.631 1295.42 
904.253 1287.85 
NaN NaN
960.712 1138.82 
972.776 1134.2 
NaN NaN
842.975 1481.23 
851.557 1457.71 
NaN NaN
874.437 1308.8 
864.582 1248.46 
NaN NaN
856.199 1263.36 
860.265 1234.2 
NaN NaN
883.81 1249.74 
886.107 1183.23 
NaN NaN
877.121 1199.78 
887.032 1176.38 
NaN NaN
896.577 1180.72 
904.324 1170.29 
NaN NaN
763.924 1169.72 
777.515 1125.47 
NaN NaN
775.534 1148.27 
773.994 1141.32 
NaN NaN
805.275 1080.07 
804.789 1052.23 
NaN NaN
856.626 966.837 
861.998 947.297 
NaN NaN
816.914 973.523 
818.867 957.028 
NaN NaN
827.147 956.305 
829.227 945.161 
NaN NaN
801.735 970.457 
815.141 942.458 
NaN NaN
821.536 951.96 
820.32 928.36 
NaN NaN
817.191 947.957 
816.768 942.423 
NaN NaN
884.134 918.357 
900.519 881.701 
NaN NaN
846.865 893.594 
842.523 875.676 
NaN NaN
777.004 891.14 
777.738 869.485 
NaN NaN
874.576 846.689 
873.476 835.495 
NaN NaN
874.97 833.644 
870.808 791.03 
NaN NaN
872.516 790.456 
884.276 766.143 
NaN NaN
862.752 846.92 
866.346 826.204 
NaN NaN
844.979 838.936 
844.5 828.436 
NaN NaN
838.547 822.66 
837.36 798.08 
NaN NaN
837.37 798.209 
837.955 781.363 
NaN NaN
832.674 788.6 
840.969 767.223 
NaN NaN
854.804 822.501 
848.526 799.466 
NaN NaN
848.674 801.404 
849.365 784.596 
NaN NaN
798.323 859.518 
795.192 843.814 
NaN NaN
802.692 809.913 
800.466 800.581 
NaN NaN
800.624 797.654 
800.319 786.742 
NaN NaN
783.563 821.168 
786.961 791.803 
NaN NaN
819.668 787.611 
820.763 769.81 
NaN NaN
825.499 733.91 
822.826 708.007 
NaN NaN
789.634 778.399 
789.913 768.062 
NaN NaN
793.953 774.971 
791.723 767.627 
NaN NaN
818.108 733.83 
818.395 725.671 
NaN NaN
812.554 731.541 
816.244 717.261 
NaN NaN
810.956 727.336 
811.434 718.373 
NaN NaN
783.255 773.807 
785.33 761.679 
NaN NaN
785.118 753.845 
792.252 716.815 
NaN NaN
892.75 687.843 
875.102 666.783 
NaN NaN
873.511 667.129 
860.778 645.961 
NaN NaN
860.085 647.238 
848.002 621.196 
NaN NaN
846.385 621.595 
840.112 604.816 
NaN NaN
841.362 600.874 
841.01 585.595 
NaN NaN
827.071 711.161 
822.476 682.785 
NaN NaN
823.706 683.851 
825.494 660.473 
NaN NaN
835.837 662.706 
826.103 651.688 
NaN NaN
817.3 679.529 
810.595 661.537 
NaN NaN
808.649 659.198 
806.422 637.138 
NaN NaN
809.234 640.75 
815.797 619.622 
NaN NaN
809.583 633.928 
811.245 620.803 
NaN NaN
763.145 634.619 
755.998 622.33 
NaN NaN
759.311 641.196 
750.593 627.678 
NaN NaN
761.853 640.123 
753.894 615.579 
NaN NaN
662.285 646.636 
654.375 635.455 
NaN NaN
879.76 646.313 
884.842 625.699 
NaN NaN
882.697 627.264 
889.708 607.471 
NaN NaN
890.02 606.376 
900.884 554.196 
NaN NaN
888.835 584.966 
891.255 570.363 
NaN NaN
823.019 592.013 
826.778 572.389 
NaN NaN
797.966 602.916 
793.267 580.774 
NaN NaN
790.144 592.235 
791.3 585.293 
NaN NaN
793.511 580.637 
795.124 568.324 
NaN NaN
746.689 618.76 
743.251 598.811 
NaN NaN
742.527 608.21 
741.313 602.689 
NaN NaN
741.644 598.714 
735.229 585.238 
NaN NaN
751.862 604.584 
746.287 589.751 
NaN NaN
705.002 630.439 
704.175 581.537 
NaN NaN
707.558 579.996 
702.2 561.034 
NaN NaN
705.696 561.888 
705.289 546.48 
NaN NaN
717.728 570.464 
711.107 556.53 
NaN NaN
700.232 571.436 
694.579 560.178 
NaN NaN
666.67 620 
659.136 613.095 
NaN NaN
879.237 531.845 
884.95 520.437 
NaN NaN
831.302 380.916 
848.765 369.194 
NaN NaN
825.427 315.904 
856.712 315.079 
NaN NaN
852.601 310.773 
827.444 306.981 
NaN NaN
811.661 539.647 
808.173 501.829 
NaN NaN
723.292 443.565 
747.035 431.693 
NaN NaN
751.849 432.901 
785.344 413.397 
NaN NaN
784.737 415.676 
800.709 405.052 
NaN NaN
737.815 430.133 
758.334 418.804 
NaN NaN
786.876 403.489 
801.353 389.868 
NaN NaN
764.441 405.73 
770.541 392.828 
NaN NaN
759.482 390.306 
784.969 367.679 
NaN NaN
727.822 379.273 
777.073 347.39 
NaN NaN
754.2 362.809 
734.8 356.492 
NaN NaN
766.239 352.966 
775.62 334.252 
NaN NaN
759.382 342.954 
748.614 329.197 
NaN NaN
751.574 333.691 
763.151 333.128 
NaN NaN
757.422 332.483 
784.433 304.955 
NaN NaN
763.219 332.83 
770.265 333.546 
NaN NaN
801.718 326.294 
815.082 321.998 
NaN NaN
803.838 323.822 
815.866 320.877 
NaN NaN
804.543 323.162 
812.5 319.785 
NaN NaN
750.759 309.763 
752.886 292.304 
NaN NaN
751.67 294.773 
748.546 281.69 
NaN NaN
749.355 285.428 
759.985 279.944 
NaN NaN
743.902 277.461 
752.164 271.733 
NaN NaN
705.878 538.144 
689.926 508.731 
NaN NaN
679.905 510.397 
689.613 508.096 
NaN NaN
679.48 510.261 
673.214 505.084 
NaN NaN
672.853 505.82 
671.07 493.339 
NaN NaN
668.917 494.746 
658.378 485.764 
NaN NaN
709.724 543.107 
704.558 513.965 
NaN NaN
681.287 504.799 
678.897 491.595 
NaN NaN
677.185 501.578 
652.06 449.836 
NaN NaN
650.499 482.512 
642.456 474.277 
NaN NaN
662.256 409.682 
675.941 404.33 
NaN NaN
632.478 482.859 
639.444 431.413 
NaN NaN
630.116 476.143 
627.603 467.902 
NaN NaN
628.878 466.298 
626.755 454.001 
NaN NaN
639.461 431.399 
663.169 393.314 
NaN NaN
646.038 424.087 
644.009 419.774 
NaN NaN
645.863 414.19 
646.254 408.734 
NaN NaN
654.711 405.177 
679.06 378.895 
NaN NaN
679.029 378.636 
684.95 363.027 
NaN NaN
686.073 364.054 
683.275 346.196 
NaN NaN
683.208 371.184 
694.019 360.191 
NaN NaN
693.675 360.247 
696.642 347.039 
NaN NaN
723.814 369.335 
699.378 347.617 
NaN NaN
725.193 379.655 
725.538 365.216 
NaN NaN
661.675 386.479 
655.867 333.017 
NaN NaN
656.273 331.759 
652.682 318.807 
NaN NaN
652.057 319.084 
623.804 273.734 
NaN NaN
735.702 291.945 
745.423 271.852 
NaN NaN
711.423 320.563 
713.2 291.831 
NaN NaN
710.645 326.31 
718.124 297.066 
NaN NaN
601.413 492.568 
585.791 463.779 
NaN NaN
609.385 487.376 
618.227 468.355 
NaN NaN
559.778 532.817 
548.27 518.789 
NaN NaN
580.709 480.964 
566.444 451.954 
NaN NaN
626.877 447.794 
633.602 417.774 
NaN NaN
619.819 438.925 
631.019 425.783 
NaN NaN
648.313 403.075 
632.019 384.865 
NaN NaN
607.501 464.024 
595.147 453.945 
NaN NaN
608.452 455.198 
601.731 452.64 
NaN NaN
601.636 448.557 
580.802 435.951 
NaN NaN
603.391 449.617 
551.899 414.14 
NaN NaN
612.298 412.249 
631.533 384.374 
NaN NaN
631.98 383.203 
642.28 376.465 
NaN NaN
595.441 404.999 
566.385 384.855 
NaN NaN
588.643 399.103 
561.096 371.851 
NaN NaN
590.073 397.016 
576.638 387.739 
NaN NaN
592.598 396.432 
578.766 382.586 
NaN NaN
594.852 393.001 
586.637 388.02 
NaN NaN
617.269 399.655 
593.983 388.394 
NaN NaN
597.738 394.168 
585.673 382.588 
NaN NaN
587.973 450.712 
547.662 414.455 
NaN NaN
572.313 431.961 
565.65 428.725 
NaN NaN
583.106 423.713 
570.216 419.762 
NaN NaN
573.612 419.477 
558.652 404.274 
NaN NaN
573.858 412.608 
564.172 405.095 
NaN NaN
576.971 409.602 
561.307 395.726 
NaN NaN
578.983 409.342 
566.777 399.654 
NaN NaN
580.36 406.342 
562.876 390.937 
NaN NaN
533.768 444.077 
546.401 415.794 
NaN NaN
547.287 417.258 
550.688 400.599 
NaN NaN
550.57 400.297 
565.209 378.721 
NaN NaN
550.095 411.833 
557.222 403.766 
NaN NaN
649.141 391.235 
645.722 373.665 
NaN NaN
649.594 383.272 
647.126 351.837 
NaN NaN
646.598 367.437 
636.657 333.918 
NaN NaN
634.054 333.646 
632.187 326.194 
NaN NaN
636.449 337.678 
626.249 316.29 
NaN NaN
641.51 350.235 
634.531 341.776 
NaN NaN
641.422 336.574 
637.7 322.675 
NaN NaN
630.386 326.717 
640.077 313.687 
NaN NaN
639.795 316.27 
632.777 305.288 
NaN NaN
627.387 354.565 
626.821 318.986 
NaN NaN
625.359 332.711 
621.985 321.185 
NaN NaN
628.609 372.514 
619.368 365.773 
NaN NaN
623.873 365.78 
609.941 356.91 
NaN NaN
633.3 380.7 
627.775 366.586 
NaN NaN
627.467 366.243 
614.507 344.025 
NaN NaN
627.696 365.958 
627.204 355.539 
NaN NaN
626.925 354.599 
618.661 343.359 
NaN NaN
618.487 344.661 
617.679 336.559 
NaN NaN
576.671 387.085 
583.393 366.15 
NaN NaN
582.263 370.53 
596.432 357.966 
NaN NaN
570.859 371.091 
589.558 360.783 
NaN NaN
593.79 358.307 
619.598 334.553 
NaN NaN
605.682 349.999 
617.633 341.495 
NaN NaN
616.065 329.187 
608.767 318.544 
NaN NaN
616.479 328.292 
613.933 320.833 
NaN NaN
625.574 320.077 
603.178 314.202 
NaN NaN
609.473 324.114 
603.716 316.105 
NaN NaN
600.636 314.188 
586.284 304.783 
NaN NaN
594.452 376.788 
588.78 364.522 
NaN NaN
603.076 366.853 
596.995 358.327 
NaN NaN
588.766 360.802 
578.669 350.626 
NaN NaN
594.96 355.641 
576.894 343.545 
NaN NaN
592.572 359.047 
579.582 351.212 
NaN NaN
579.851 350.764 
584.023 349.342 
NaN NaN
597.025 353.019 
578.78 340.575 
NaN NaN
575.837 340.846 
570.531 338.982 
NaN NaN
597.836 346.243 
588.729 336.923 
NaN NaN
603.414 347.205 
596.186 339.378 
NaN NaN
616.93 334.874 
604.509 325.464 
NaN NaN
603.835 325.425 
591.778 313.414 
NaN NaN
610.134 324.355 
603.341 321.345 
NaN NaN
601.537 321.05 
595.442 315.19 
NaN NaN
651.472 317.785 
635.608 305.553 
NaN NaN
626.485 316.428 
636.238 311.994 
NaN NaN
591.386 312.32 
576.666 295.119 
NaN NaN
585.3 302.69 
575.554 285.695 
NaN NaN
575.039 287.081 
574.664 259.395 
NaN NaN
563.547 280.141 
566.067 272.779 
NaN NaN
578.226 261.56 
584.449 256.029 
NaN NaN
586.901 257.14 
589.469 243.438 
NaN NaN
546.644 499.735 
533.002 486.369 
NaN NaN
548.718 501.085 
531.518 475.999 
NaN NaN
532.624 475.358 
529.75 458.427 
NaN NaN
548.716 468.444 
538.625 454.203 
NaN NaN
543.332 453.983 
540.458 442.652 
NaN NaN
530.211 457.654 
523.534 428.761 
NaN NaN
556.751 456.473 
545.858 438.016 
NaN NaN
547.6 438.144 
553.99 424.972 
NaN NaN
489.4 427.072 
497.791 382.566 
NaN NaN
480.811 411.038 
494.827 382.695 
NaN NaN
484.857 387.703 
474.132 381.647 
NaN NaN
477.638 383.242 
480.373 365.902 
NaN NaN
544.161 379.685 
559.618 354.967 
NaN NaN
550.109 370.497 
556.044 364.704 
NaN NaN
524.716 375.839 
509.138 368.776 
NaN NaN
502.926 370.349 
520.598 355.763 
NaN NaN
520.756 355.709 
532.973 350.609 
NaN NaN
517.257 354.526 
542.164 328.512 
NaN NaN
524.862 351.599 
528.349 344.437 
NaN NaN
531.292 340.806 
538.945 332.992 
NaN NaN
532.465 335.65 
557.882 325.638 
NaN NaN
541.517 328.076 
552.798 321.976 
NaN NaN
525.867 344.283 
552.197 331.527 
NaN NaN
519.84 331.627 
537.163 329.645 
NaN NaN
522.361 326.377 
527.206 311.219 
NaN NaN
511.975 313.201 
524.32 306.665 
NaN NaN
521.057 306.894 
534.959 269.172 
NaN NaN
532.599 271.939 
530.353 250.094 
NaN NaN
534.719 287.258 
531.646 279.835 
NaN NaN
528.589 256.085 
533.315 235.625 
NaN NaN
526.685 245.655 
523.608 209.998 
NaN NaN
503.691 360.681 
496.736 351.79 
NaN NaN
504.78 355.814 
496.956 348.739 
NaN NaN
504.069 354.834 
525.698 343.529 
NaN NaN
466.93 391.256 
484.536 350.843 
NaN NaN
485.406 351.037 
487.99 337.747 
NaN NaN
488.088 337.488 
499.973 317.24 
NaN NaN
498.034 323.032 
507.919 318.291 
NaN NaN
504.7 319.593 
512.573 307.128 
NaN NaN
466.346 417.656 
466.489 378.815 
NaN NaN
487.626 342.48 
499.696 337.221 
NaN NaN
480.485 335.693 
489.812 326.944 
NaN NaN
482.515 343.205 
477.901 333.54 
NaN NaN
477.444 333.513 
472.564 320.454 
NaN NaN
482.847 332.598 
477.755 325.152 
NaN NaN
484.804 330.38 
478.327 320.874 
NaN NaN
452.657 356 
477.384 334.241 
NaN NaN
457.698 364.936 
452.632 356.064 
NaN NaN
476.794 327.281 
477.295 298.725 
NaN NaN
482.985 302.817 
468.572 261.663 
NaN NaN
558.028 294.051 
562.561 283.139 
NaN NaN
560.33 278.443 
564.606 263.363 
NaN NaN
554.33 264.837 
565.185 241.825 
NaN NaN
523.144 287.469 
532.951 285.206 
NaN NaN
519.018 298.671 
528.923 287.385 
NaN NaN
519.242 306.198 
516.042 296.964 
NaN NaN
516.979 296.631 
521.981 276.087 
NaN NaN
519.33 280.156 
516.813 259.979 
NaN NaN
536.012 268.99 
539.915 254.753 
NaN NaN
507.479 306.587 
507.559 290.522 
NaN NaN
502.071 290.757 
506.001 277.764 
NaN NaN
507.105 277.682 
510.656 259.451 
NaN NaN
515.233 260.51 
516.885 233.007 
NaN NaN
522.693 238.965 
521.334 227.641 
NaN NaN
524.974 246.333 
519.675 243.547 
NaN NaN
516.064 246.515 
515.031 239.066 
NaN NaN
497.002 266.064 
504.163 256.606 
NaN NaN
502.169 255.808 
500.448 235.598 
NaN NaN
493.729 249.943 
474.169 239.942 
NaN NaN
502.753 253.192 
485.216 243.274 
NaN NaN
545.097 270.415 
554.688 246.965 
NaN NaN
554.602 246.661 
569.318 239.414 
NaN NaN
553.934 246.719 
535.445 244.978 
NaN NaN
466.99 333.7 
470.639 324.125 
NaN NaN
471.883 335.803 
471.357 325.391 
NaN NaN
461.98 343.413 
466.652 315.962 
NaN NaN
457.824 318.247 
469.667 314.684 
NaN NaN
468.519 314.334 
463.366 287.298 
NaN NaN
463.366 287.298 
456.772 257.73 
NaN NaN
474.444 312.829 
468.726 307.906 
NaN NaN
403.294 336.772 
401.479 328.016 
NaN NaN
401.232 327.549 
388.475 320.678 
NaN NaN
390.244 320.437 
373.783 311.123 
NaN NaN
473.959 249.968 
464.885 239.343 
NaN NaN
463.988 267.09 
461.474 254.807 
NaN NaN
461.433 254.315 
463.168 235.035 
NaN NaN
459.761 241.846 
461.738 231.181 
NaN NaN
464.642 234.406 
467.751 213.338 
NaN NaN
418.383 282.656 
431.218 281.026 
NaN NaN
431.514 280.996 
441.295 275.016 
NaN NaN
441.291 276.789 
450.182 257.245 
NaN NaN
432.876 276.498 
449.796 254.067 
NaN NaN
446.546 262.016 
447.066 252.101 
NaN NaN
460.415 260.453 
450.705 253.048 
NaN NaN
451.609 255.05 
428.821 244.51 
NaN NaN
441.094 253.24 
435.553 248.577 
NaN NaN
436.85 253.546 
430.557 245.989 
NaN NaN
432.316 254.722 
426.627 244.778 
NaN NaN
433.65 245.411 
421.27 239.401 
NaN NaN
415.735 239.879 
396.025 219.739 
NaN NaN
395.785 219.361 
380.391 199.793 
NaN NaN
395.291 219.452 
381.21 205.35 
NaN NaN
418.608 241.867 
404.32 226.427 
NaN NaN
435.487 246.892 
410.657 240.443 
NaN NaN
450.578 252.208 
449.93 243.563 
NaN NaN
453.376 246.879 
447.383 236.387 
NaN NaN
445.474 242.235 
445.637 209.382 
NaN NaN
433.76 235.836 
426.972 200.365 
NaN NaN
428.554 211.356 
411.562 190.441 
NaN NaN
431.454 243.754 
433.259 238.014 
NaN NaN
401.304 292.943 
427.207 287.88 
NaN NaN
417.699 270.88 
434.445 265.809 
NaN NaN
412.539 248.922 
425.788 245.742 
NaN NaN
443.933 217.524 
438.937 200.729 
NaN NaN
447.881 208.057 
440.253 200.786 
NaN NaN
452.082 213.828 
454.449 197.201 
NaN NaN
453.78 197.12 
428.08 185.582 
NaN NaN
455.004 196.359 
428.418 184.986 
NaN NaN
428.091 186.059 
397.076 179.105 
NaN NaN
407.119 179.743 
358.932 167.012 
NaN NaN
358.69 167.941 
308.069 153.538 
NaN NaN
308.357 154.939 
263.15 140.566 
NaN NaN
263.801 141.095 
227.805 129.955 
NaN NaN
246.207 138.304 
216.054 128.032 
NaN NaN
229.432 134.077 
207.02 123.161 
NaN NaN
207.07 122.776 
188.989 116.698 
NaN NaN
188.028 116.562 
166.635 102.245 
NaN NaN
169.875 104.17 
138.08 85.1291 
NaN NaN
145.784 91.6217 
113.933 68.8627 
NaN NaN
114.099 66.1581 
92.5952 56.2725 
NaN NaN
411.329 225.74 
404.064 217.224 
NaN NaN
406.082 225.789 
403.793 217.432 
NaN NaN
403.682 216.847 
394.475 190.535 
NaN NaN
396.852 219.57 
389.45 203.088 
NaN NaN
343.016 301.847 
378.091 298.837 
NaN NaN
320.812 315.549 
335.132 308.14 
NaN NaN
294.543 301.304 
304.729 301.108 
NaN NaN
311.362 278.373 
341.023 263.179 
NaN NaN
324.837 268.852 
344.152 259.444 
NaN NaN
344.698 258.657 
363.313 253.082 
NaN NaN
344.68 258.09 
362.425 247.364 
NaN NaN
363.845 255.61 
388.577 237.742 
NaN NaN
283.88 268.414 
293.733 267.996 
NaN NaN
314.265 274.106 
298.178 268.823 
NaN NaN
376.407 210.836 
381.007 197.621 
NaN NaN
363.527 186.106 
366.367 171.76 
NaN NaN
330.145 152.756 
344.248 153.185 
NaN NaN
321.841 174.834 
298.739 167.594 
NaN NaN
344.243 150.334 
316.458 135.519 
NaN NaN
324.211 82.54 
313.154 71.2407 
NaN NaN
323.708 81.0075 
315.076 67.6129 
NaN NaN
308.851 99.9414 
301.879 82.1329 
NaN NaN
217.308 312.437 
198.635 309.134 
NaN NaN
297.883 124.988 
288.341 120.321 
NaN NaN
200.989 236.615 
192.595 230.853 
NaN NaN
169.798 209.736 
160.962 198.09 
NaN NaN
149.914 192.566 
143.488 175.009 
NaN NaN
136.408 166.671 
118.222 148.035 
NaN NaN
123.513 155.31 
105.121 135.997 
NaN NaN
95.0964 145.14 
99.688 144.246 
NaN NaN
202.995 139.381 
189.183 134.793 
NaN NaN
187.485 23.4243 
179.278 20.3555 
NaN NaN
43.9407 175.743 
35.8517 162.05 
NaN NaN
12.9882 163.178 
30.5261 146.757 
NaN NaN
-14.8802 185.835 
13.2413 163.909 
NaN NaN
-46.3169 207.056 
-16.9559 183.931 
NaN NaN
94.0723 66.8741 
104.871 65.7196 
NaN NaN
84.0188 64.3281 
104.899 62.7302 
NaN NaN
71.8717 62.6954 
94.4311 59.7996 
NaN NaN
71.7233 62.096 
83.8157 59.232 
NaN NaN
80.1893 65.4678 
58.0478 63.2707 
NaN NaN
70.7117 63.9507 
39.1496 60.5341 
NaN NaN
51.5661 58.7074 
61.6172 58.5719 
NaN NaN
65.393 58.1699 
91.2746 54.2187 
NaN NaN
64.576 55.8498 
51.7128 53.441 
NaN NaN
65.9361 55.2451 
71.1587 53.735 
NaN NaN
55.2893 51.1608 
64.1625 50.696 
NaN NaN
53.5227 50.5694 
41.1587 46.0088 
NaN NaN
45.8983 45.0203 
57.7454 44.1851 
NaN NaN
23.8996 51.2127 
40.5678 48.3879 
NaN NaN
24.3482 47.3492 
50.149 41.8236 
NaN NaN
56.1781 43.7416 
50.1935 41.0046 
NaN NaN
14.8688 122.955 
10.5322 106.033 
NaN NaN
-1.19989 127.025 
6.68906 99.6963 
NaN NaN
-29.6156 124.515 
-6.33252 91.4049 
NaN NaN
-6.57331 87.9518 
13.3543 67.9413 
NaN NaN
-57.5873 154.646 
-32.7227 125.634 
NaN NaN
-39.977 95.9001 
-20.4106 76.3914 
NaN NaN
-60.463 112.197 
-41.2993 97.8914 
NaN NaN
103.062 53.8676 
91.023 48.1259 
NaN NaN
32.897 -12.9728 
2.69621 -24.2832 
NaN NaN
39.2021 -10.0226 
33.3011 -13.6679 
NaN NaN
24.2405 10.7668 
5.04254 -3.66737 
NaN NaN
7.42843 -2.36126 
2.1668 -15.3182 
NaN NaN
1.47406 -16.2375 
-20.495 -46.2536 
NaN NaN
6.82774 -18.9337 
-10.8557 -37.1783 
NaN NaN
-23.9084 -46.0276 
-45.7115 -66.7325 
NaN NaN
5.29071 60.8525 
-18.522 58.8988 
NaN NaN
-19.7742 2.87277 
-61.649 -3.3365 
NaN NaN
-44.6074 -4.67578 
-22.3203 -8.70971 
NaN NaN
-43.3323 -7.06221 
-72.2043 -10.0295 
NaN NaN
-57.042 -12.7387 
-79.47 -17.5968 
NaN NaN
-73.5676 19.7852 
-61.8576 9.77045 
NaN NaN
78.4109 -49.8449 
72.2162 -62.3647 
NaN NaN
-26.1228 -71.8661 
-42.3662 -85.8766 
NaN NaN
8.90428 -119.459 
4.213 -135.287 
NaN NaN
-9.04767 -125.615 
-16.8534 -139.288 
NaN NaN
28.1608 -220.002 
36.8872 -231.183 
NaN NaN
-4.51948 -276.174 
-21.0689 -282.284 
NaN NaN
-61.3107 -489.089 
-68.8598 -499.51 
NaN NaN
-280.63 -704.284 
-273.708 -714.025 
NaN NaN
-542.146 -865.458 
-523.195 -889.1 
NaN NaN
420.568 349.519 
443.388 326.334 
NaN NaN
388.466 237.533 
377.799 230.254 
NaN NaN
151.2 176.28 
150.717 168.701 
NaN NaN
146.627 167.739 
142.661 153.961 
NaN NaN
142.207 156.381 
143.65 148.082 
NaN NaN
141.853 153.708 
136.26 143.8 
NaN NaN
725.224 548.399 
719.608 529.545 
NaN NaN
719.041 529.67 
711.932 506.567 
NaN NaN
87.6297 172.703 
71.3351 151.568 
NaN NaN
806.163 596.177 
807.353 587.258 
NaN NaN
804.267 587.279 
806.568 564.776 
NaN NaN
803.178 561.379 
801.629 549.319 
NaN NaN
804.448 550.729 
800.947 546.659 
NaN NaN
539.762 322.731 
554.053 294.244 
NaN NaN
876.753 1307.51 
883.2 1302.56 
NaN NaN
881.724 1302.86 
883.042 1272.34 
NaN NaN
857.152 1222.19 
863.438 1202.25 
NaN NaN
26.5873 -56.7289 
8.22136 -68.8153 
NaN NaN
489.259 315.951 
498.785 307.4 
NaN NaN
487.479 325.416 
483.242 303.339 
NaN NaN
508.039 306.669 
517.681 305.526 
NaN NaN
562.873 281.665 
552.334 274.499 
NaN NaN
531.728 305.408 
541.418 290.853 
NaN NaN
532.256 299.643 
546.912 278.512 
NaN NaN
487.388 265.486 
478.142 256.589 
NaN NaN
484.932 277.259 
488.172 265.247 
NaN NaN
487.371 263.377 
478.405 248.673 
NaN NaN
490.581 228.062 
471.082 213.505 
NaN NaN
494.125 235.251 
480.53 223.132 
NaN NaN
501.767 236.238 
492.613 226.869 
NaN NaN
507.583 243.012 
503.313 237.588 
NaN NaN
512.612 229.499 
504.57 215.27 
NaN NaN
540.633 212.617 
519.932 209.031 
NaN NaN
428.349 309.841 
408.899 295.289 
NaN NaN
392.67 308.779 
387.366 299.378 
NaN NaN
454.36 242.942 
454.326 221.667 
NaN NaN
457.645 242.642 
451.658 220.354 
NaN NaN
410.551 240.757 
395.661 239.521 
NaN NaN
411.372 239.056 
397.329 236.211 
NaN NaN
393.668 234.775 
394.887 222.437 
NaN NaN
409.927 270.163 
386.371 254.071 
NaN NaN
438.583 200.084 
422.335 193.896 
NaN NaN
481.896 203.218 
455.555 196.656 
NaN NaN
767.131 1122.87 
765.223 1112.29 
NaN NaN
893.149 714.3 
901.121 711.79 
NaN NaN
901.893 711.684 
903.573 693.679 
NaN NaN
831.401 713.649 
833.935 693.838 
NaN NaN
853.611 658.255 
854.687 647.253 
NaN NaN
761.778 668.154 
757.566 657.848 
NaN NaN
890.314 552.898 
900.287 547.76 
NaN NaN
879.553 537.782 
891.765 532.132 
NaN NaN
883.048 511.038 
882.808 494.195 
NaN NaN
860.946 515.422 
868.19 496.371 
NaN NaN
671.902 530.858 
662.839 506.855 
NaN NaN
663.049 547.009 
662.226 507.782 
NaN NaN
806.834 317.103 
812.544 314.836 
NaN NaN
468.655 361.845 
480.907 340.109 
NaN NaN
477.698 356.279 
489.796 333.028 
NaN NaN
398.427 339.897 
386.995 337.392 
NaN NaN
370.22 353.572 
389.003 326.907 
NaN NaN
386.113 337.531 
388.961 329.983 
NaN NaN
374.167 356.007 
383.749 345.086 
NaN NaN
359.062 374.241 
370.979 357.102 
NaN NaN
309.187 310.288 
297.211 306.016 
NaN NaN
129.84 224.792 
96.2901 191.138 
NaN NaN
140.957 205.05 
129.651 194.265 
NaN NaN
250.601 107.866 
231.418 99.276 
NaN NaN
473.493 238.253 
468.912 222.504 
NaN NaN
581.948 340.197 
601.969 326.867 
NaN NaN
590.473 333.198 
596.122 324.774 
NaN NaN
379.943 196.61 
373.055 185.617 
NaN NaN
378.648 197.166 
367.879 187.522 
NaN NaN
155.69 190.921 
151.991 181.589 
NaN NaN
856.185 674.346 
855.793 664.371 
NaN NaN
828.767 556.804 
824.524 538.473 
NaN NaN
820.188 549.074 
819.471 536.952 
NaN NaN
725.721 586.959 
718.027 577.14 
NaN NaN
765.151 533.266 
760.308 518.938 
NaN NaN
828.513 370.486 
842.122 360.615 
NaN NaN
759.485 378.052 
767.722 369.458 
NaN NaN
737.161 253.258 
749.039 250.188 
NaN NaN
704.964 290.831 
700.732 279.989 
NaN NaN
609.79 499.391 
592.735 476.548 
NaN NaN
572.473 399.311 
566.944 390.552 
NaN NaN
650.45 339.659 
642.776 327.443 
NaN NaN
654.249 344.344 
642.367 320.472 
NaN NaN
675.656 333.131 
670.485 320.661 
NaN NaN
588.749 309.398 
572.76 303.266 
NaN NaN
507.943 344.064 
504.885 332.992 
NaN NaN
768.846 1179.75 
773.908 1157.56 
NaN NaN
484.307 293.654 
472.975 284.228 
NaN NaN
189.78 195.891 
205.924 189.359 
NaN NaN
201.777 185.452 
189.933 175.389 
NaN NaN
81.8913 137.834 
76.9393 123.728 
NaN NaN
77.4751 123.811 
59.0346 99.9916 
NaN NaN
75.4496 120.324 
67.955 104.432 
NaN NaN
71.883 128.394 
58.1966 110.157 
NaN NaN
81.6429 120.306 
73.1533 103.991 
NaN NaN
58.6005 125.693 
52.4864 111.059 
NaN NaN
60.2694 120.297 
53.9907 110.904 
NaN NaN
47.9819 118.234 
52.2859 108.228 
NaN NaN
154.036 152.797 
145.54 146.03 
NaN NaN
145.461 150.082 
137.777 139.558 
NaN NaN
175.655 117.094 
162.374 112.931 
NaN NaN
373.32 205.578 
362.122 191.732 
NaN NaN
367.682 219.554 
363.435 208.063 
NaN NaN
-52.6738 117.725 
-44.8505 105.492 
NaN NaN
-34.1366 74.5862 
-28.2129 66.3239 
NaN NaN
-34.0792 59.7726 
-48.8051 57.9638 
NaN NaN
97.2597 35.9995 
91.1664 27.3969 
NaN NaN
40.9845 1.00494 
27.9148 -4.65986 
NaN NaN
8.76592 -28.3402 
-0.97471 -34.0402 
NaN NaN
15.2435 -30.1217 
3.43492 -35.7509 
NaN NaN
-10.4255 -166.492 
-16.6378 -175.199 
NaN NaN
518.349 262.949 
503.795 255.94 
NaN NaN
838.571 1459.1 
848.806 1415.02 
NaN NaN
804.608 1506.43 
822.152 1460.03 
NaN NaN
517.986 524.001 
500.111 504.214 
NaN NaN
545.217 551.336 
521.677 528.697 
NaN NaN
554.349 553.417 
541.236 543.577 
NaN NaN
580.304 573.364 
565.576 557.492 
NaN NaN
450.743 406.869 
438.321 394.068 
NaN NaN
464.931 420.658 
457.009 405.09 
NaN NaN
226.463 282.234 
236.304 271.183 
NaN NaN
238.486 295.096 
244.379 284.872 
NaN NaN
248.594 217.337 
228.394 194.615 
NaN NaN
59.2649 148.874 
52.1684 133.265 
NaN NaN
93.6356 185.982 
68.0992 159.056 
NaN NaN
84.4053 187.192 
72.7662 172.46 
NaN NaN
847.902 1346.19 
851.951 1328.71 
NaN NaN
461.266 391.647 
437.738 374.243 
NaN NaN
459.525 371.011 
434.331 364.227 
NaN NaN
469.155 356.304 
469.712 343.389 
NaN NaN
460.106 360.896 
465.616 342.57 
NaN NaN
401.572 357.648 
410.083 340.39 
NaN NaN
414.747 370.33 
404.635 359.084 
NaN NaN
-24.3238 93.5935 
-17.8617 84.6399 
NaN NaN
-43.6085 82.8699 
-23.9957 71.3072 
NaN NaN
-43.6085 82.8699 
-23.9957 71.3072 
NaN NaN
-58.1409 -107.391 
-90.4501 -126.538 
NaN NaN
-63.9654 -80.5529 
-72.7152 -95.4981 
NaN NaN
-31.8621 -115.019 
-48.6859 -117.189 
NaN NaN
-54.2456 -113.402 
-73.8555 -145.783 
NaN NaN
-38.6083 -127.61 
-52.0124 -142.625 
NaN NaN
